157.25000000000000
157.25000000000000
157.50000000000000
157.50000000000000
157.25000000000000
157.00000000000000
157.00000000000000
157.00000000000000
157.00000000000000
157.00000000000000
156.75000000000000
156.25000000000000
156.25000000000000
156.25000000000000
156.25000000000000
156.25000000000000
156.00000000000000
156.00000000000000
156.50000000000000
156.50000000000000
156.50000000000000
155.75000000000000
155.50000000000000
155.50000000000000
155.75000000000000
155.25000000000000
155.25000000000000
154.75000000000000
154.75000000000000
154.50000000000000
154.50000000000000
154.50000000000000
154.75000000000000
154.25000000000000
154.25000000000000
154.00000000000000
153.25000000000000
153.25000000000000
152.75000000000000
153.00000000000000
153.00000000000000
153.50000000000000
153.50000000000000
153.50000000000000
153.50000000000000
153.50000000000000
154.00000000000000
154.50000000000000
154.50000000000000
154.50000000000000
154.75000000000000
154.75000000000000
154.75000000000000
155.00000000000000
155.00000000000000
155.25000000000000
155.50000000000000
155.50000000000000
156.00000000000000
156.00000000000000
156.00000000000000
156.50000000000000
157.00000000000000
157.00000000000000
157.50000000000000
157.50000000000000
157.50000000000000
157.75000000000000
157.75000000000000
158.00000000000000
158.50000000000000
158.50000000000000
158.75000000000000
158.75000000000000
158.75000000000000
157.00000000000000
157.00000000000000
158.25000000000000
158.25000000000000
158.25000000000000
158.25000000000000
158.75000000000000
158.50000000000000
158.50000000000000
158.25000000000000
157.50000000000000
157.50000000000000
157.75000000000000
157.25000000000000
157.25000000000000
156.75000000000000
156.25000000000000
156.25000000000000
156.00000000000000
155.25000000000000
155.25000000000000
155.25000000000000
155.25000000000000
155.00000000000000
153.50000000000000
153.50000000000000
151.75000000000000
150.25000000000000
150.25000000000000
151.25000000000000
152.00000000000000
152.00000000000000
151.75000000000000
151.75000000000000
151.50000000000000
151.00000000000000
151.00000000000000
150.25000000000000
150.00000000000000
150.00000000000000
150.50000000000000
150.50000000000000
151.25000000000000
151.25000000000000
151.25000000000000
151.50000000000000
152.25000000000000
152.25000000000000
152.25000000000000
152.50000000000000
152.50000000000000
153.25000000000000
153.25000000000000
153.50000000000000
153.50000000000000
153.50000000000000
153.00000000000000
153.00000000000000
153.00000000000000
153.00000000000000
153.00000000000000
153.00000000000000
153.00000000000000
152.75000000000000
152.75000000000000
152.50000000000000
152.50000000000000
151.50000000000000
149.75000000000000
149.75000000000000
149.25000000000000
149.00000000000000
149.00000000000000
148.25000000000000
148.25000000000000
147.50000000000000
147.50000000000000
148.50000000000000
148.25000000000000
148.25000000000000
148.50000000000000
148.50000000000000
148.50000000000000
149.00000000000000
149.75000000000000
149.75000000000000
150.25000000000000
150.25000000000000
151.00000000000000
151.25000000000000
151.25000000000000
150.75000000000000
150.75000000000000
150.50000000000000
150.25000000000000
150.25000000000000
150.25000000000000
150.50000000000000
150.50000000000000
150.00000000000000
150.00000000000000
150.00000000000000
149.50000000000000
149.50000000000000
149.25000000000000
149.25000000000000
149.25000000000000
149.25000000000000
149.25000000000000
149.25000000000000
149.25000000000000
149.25000000000000
149.25000000000000
150.00000000000000
150.00000000000000
150.50000000000000
150.50000000000000
150.50000000000000
150.00000000000000
150.00000000000000
149.75000000000000
149.25000000000000
149.25000000000000
148.75000000000000
149.50000000000000
149.50000000000000
150.00000000000000
150.00000000000000
149.75000000000000
149.75000000000000
149.75000000000000
150.25000000000000
151.25000000000000
151.25000000000000
151.25000000000000
151.25000000000000
151.75000000000000
151.75000000000000
151.75000000000000
152.25000000000000
152.75000000000000
152.75000000000000
152.75000000000000
152.75000000000000
152.75000000000000
152.75000000000000
152.75000000000000
153.00000000000000
154.25000000000000
154.75000000000000
154.75000000000000
155.00000000000000
155.00000000000000
154.75000000000000
154.25000000000000
154.25000000000000
154.25000000000000
153.75000000000000
153.75000000000000
153.25000000000000
152.50000000000000
152.50000000000000
151.00000000000000
151.00000000000000
148.75000000000000
147.25000000000000
147.25000000000000
146.75000000000000
146.75000000000000
146.50000000000000
146.00000000000000
146.00000000000000
146.00000000000000
146.00000000000000
148.25000000000000
148.75000000000000
148.75000000000000
149.00000000000000
148.75000000000000
148.75000000000000
147.75000000000000
147.75000000000000
148.00000000000000
149.00000000000000
149.00000000000000
149.50000000000000
149.50000000000000
149.50000000000000
150.50000000000000
150.50000000000000
150.50000000000000
150.00000000000000
150.00000000000000
150.00000000000000
150.50000000000000
150.50000000000000
150.50000000000000
150.50000000000000
150.75000000000000
151.00000000000000
151.00000000000000
151.00000000000000
151.00000000000000
151.00000000000000
150.25000000000000
150.25000000000000
149.50000000000000
149.25000000000000
149.25000000000000
149.25000000000000
149.25000000000000
149.25000000000000
149.50000000000000
149.25000000000000
149.25000000000000
149.50000000000000
149.50000000000000
149.75000000000000
149.25000000000000
149.25000000000000
148.75000000000000
148.75000000000000
148.00000000000000
147.00000000000000
147.00000000000000
146.25000000000000
146.25000000000000
145.25000000000000
145.25000000000000
145.25000000000000
145.25000000000000
145.25000000000000
144.75000000000000
146.00000000000000
146.00000000000000
144.00000000000000
144.00000000000000
144.00000000000000
144.25000000000000
144.25000000000000
144.75000000000000
144.75000000000000
145.00000000000000
145.00000000000000
145.00000000000000
145.00000000000000
144.75000000000000
144.75000000000000
145.00000000000000
145.00000000000000
145.75000000000000
143.75000000000000
143.75000000000000
146.00000000000000
146.00000000000000
146.25000000000000
145.75000000000000
145.75000000000000
144.50000000000000
144.50000000000000
143.75000000000000
143.75000000000000
143.75000000000000
145.25000000000000
145.25000000000000
146.00000000000000
146.50000000000000
146.50000000000000
147.00000000000000
147.25000000000000
147.25000000000000
147.75000000000000
147.75000000000000
147.75000000000000
147.25000000000000
147.25000000000000
147.25000000000000
147.50000000000000
147.50000000000000
148.00000000000000
148.00000000000000
148.25000000000000
148.75000000000000
148.75000000000000
149.25000000000000
149.25000000000000
149.25000000000000
149.25000000000000
149.25000000000000
149.75000000000000
149.75000000000000
149.75000000000000
150.50000000000000
150.50000000000000
150.50000000000000
150.75000000000000
150.50000000000000
150.50000000000000
150.50000000000000
150.50000000000000
151.00000000000000
151.00000000000000
151.25000000000000
151.00000000000000
151.00000000000000
150.25000000000000
149.50000000000000
149.50000000000000
149.50000000000000
149.50000000000000
150.75000000000000
150.75000000000000
150.75000000000000
150.50000000000000
150.50000000000000
150.50000000000000
150.50000000000000
150.50000000000000
150.50000000000000
150.50000000000000
151.50000000000000
151.50000000000000
151.25000000000000
151.25000000000000
151.00000000000000
150.25000000000000
150.25000000000000
150.25000000000000
150.25000000000000
150.50000000000000
150.00000000000000
150.00000000000000
150.00000000000000
148.00000000000000
148.00000000000000
148.50000000000000
148.50000000000000
149.25000000000000
149.50000000000000
149.50000000000000
149.50000000000000
150.00000000000000
150.00000000000000
150.50000000000000
150.50000000000000
150.50000000000000
150.50000000000000
150.50000000000000
151.00000000000000
152.25000000000000
152.25000000000000
152.50000000000000
152.50000000000000
152.25000000000000
152.00000000000000
152.00000000000000
153.25000000000000
154.00000000000000
154.00000000000000
154.00000000000000
154.00000000000000
154.00000000000000
153.75000000000000
153.75000000000000
153.75000000000000
153.75000000000000
153.75000000000000
153.75000000000000
153.50000000000000
153.50000000000000
153.25000000000000
153.25000000000000
153.25000000000000
154.00000000000000
154.00000000000000
154.00000000000000
153.25000000000000
153.00000000000000
153.00000000000000
152.50000000000000
152.50000000000000
152.00000000000000
151.50000000000000
151.50000000000000
151.25000000000000
150.50000000000000
150.50000000000000
150.00000000000000
150.00000000000000
150.00000000000000
148.00000000000000
148.00000000000000
148.25000000000000
149.00000000000000
149.00000000000000
149.25000000000000
149.25000000000000
149.25000000000000
149.25000000000000
149.25000000000000
149.25000000000000
148.75000000000000
148.75000000000000
148.50000000000000
148.50000000000000
149.25000000000000
150.00000000000000
150.00000000000000
149.75000000000000
149.75000000000000
149.75000000000000
149.75000000000000
149.75000000000000
149.75000000000000
149.25000000000000
149.25000000000000
150.75000000000000
151.00000000000000
151.00000000000000
151.00000000000000
151.00000000000000
151.00000000000000
151.25000000000000
151.25000000000000
151.50000000000000
151.00000000000000
151.00000000000000
150.00000000000000
150.00000000000000
148.75000000000000
149.25000000000000
149.25000000000000
149.25000000000000
147.25000000000000
147.25000000000000
147.75000000000000
148.00000000000000
148.00000000000000
148.00000000000000
148.00000000000000
148.00000000000000
148.25000000000000
148.25000000000000
148.00000000000000
148.00000000000000
148.00000000000000
147.75000000000000
147.75000000000000
148.75000000000000
149.25000000000000
149.25000000000000
149.25000000000000
149.25000000000000
149.25000000000000
149.25000000000000
149.25000000000000
149.25000000000000
149.25000000000000
149.50000000000000
149.75000000000000
149.75000000000000
150.00000000000000
150.00000000000000
149.00000000000000
149.00000000000000
149.00000000000000
149.50000000000000
149.75000000000000
149.75000000000000
150.25000000000000
150.25000000000000
150.25000000000000
150.25000000000000
150.25000000000000
151.50000000000000
151.50000000000000
151.75000000000000
151.75000000000000
151.75000000000000
151.25000000000000
151.25000000000000
151.25000000000000
151.25000000000000
151.75000000000000
152.00000000000000
152.00000000000000
151.75000000000000
151.75000000000000
151.75000000000000
152.50000000000000
152.50000000000000
152.50000000000000
152.00000000000000
152.00000000000000
151.50000000000000
151.50000000000000
151.50000000000000
151.25000000000000
151.25000000000000
151.25000000000000
151.25000000000000
151.25000000000000
150.00000000000000
150.25000000000000
150.25000000000000
150.25000000000000
150.25000000000000
151.00000000000000
151.75000000000000
151.75000000000000
151.75000000000000
151.75000000000000
151.75000000000000
152.00000000000000
152.00000000000000
152.00000000000000
152.00000000000000
152.00000000000000
152.00000000000000
152.00000000000000
151.50000000000000
151.50000000000000
151.50000000000000
152.00000000000000
152.00000000000000
152.00000000000000
151.75000000000000
151.25000000000000
151.25000000000000
151.00000000000000
151.00000000000000
151.50000000000000
151.50000000000000
151.50000000000000
151.50000000000000
150.75000000000000
150.75000000000000
150.75000000000000
151.00000000000000
151.00000000000000
151.50000000000000
151.50000000000000
151.00000000000000
151.00000000000000
151.00000000000000
151.75000000000000
151.75000000000000
151.75000000000000
149.25000000000000
148.75000000000000
148.75000000000000
149.00000000000000
149.00000000000000
148.25000000000000
148.50000000000000
148.50000000000000
148.75000000000000
148.75000000000000
149.50000000000000
150.00000000000000
150.00000000000000
150.25000000000000
150.75000000000000
150.75000000000000
151.25000000000000
151.25000000000000
151.50000000000000
151.50000000000000
151.50000000000000
151.50000000000000
151.25000000000000
151.25000000000000
151.50000000000000
151.75000000000000
151.75000000000000
152.00000000000000
152.00000000000000
152.25000000000000
152.75000000000000
152.75000000000000
152.75000000000000
152.75000000000000
152.75000000000000
153.00000000000000
153.25000000000000
153.25000000000000
153.75000000000000
153.00000000000000
153.00000000000000
152.75000000000000
152.75000000000000
152.00000000000000
152.00000000000000
152.00000000000000
151.75000000000000
151.75000000000000
151.75000000000000
151.75000000000000
151.75000000000000
151.75000000000000
151.75000000000000
151.75000000000000
152.00000000000000
152.25000000000000
152.25000000000000
152.50000000000000
152.50000000000000
153.00000000000000
153.00000000000000
153.00000000000000
153.00000000000000
153.00000000000000
153.00000000000000
153.50000000000000
153.25000000000000
153.25000000000000
153.00000000000000
152.50000000000000
152.50000000000000
152.50000000000000
152.50000000000000
152.75000000000000
153.00000000000000
153.00000000000000
153.00000000000000
153.25000000000000
153.25000000000000
153.00000000000000
153.00000000000000
153.00000000000000
152.75000000000000
152.75000000000000
152.75000000000000
153.00000000000000
153.00000000000000
153.00000000000000
153.00000000000000
153.00000000000000
153.00000000000000
153.00000000000000
153.00000000000000
153.00000000000000
153.00000000000000
153.00000000000000
154.00000000000000
154.00000000000000
154.50000000000000
154.00000000000000
154.00000000000000
153.75000000000000
153.50000000000000
153.50000000000000
153.00000000000000
153.50000000000000
153.50000000000000
154.25000000000000
153.50000000000000
153.50000000000000
152.75000000000000
152.75000000000000
152.25000000000000
151.75000000000000
151.75000000000000
152.25000000000000
152.25000000000000
152.75000000000000
152.75000000000000
153.00000000000000
153.00000000000000
152.75000000000000
152.50000000000000
152.50000000000000
152.75000000000000
152.75000000000000
153.00000000000000
153.50000000000000
153.50000000000000
153.75000000000000
154.25000000000000
154.25000000000000
154.00000000000000
154.00000000000000
154.00000000000000
154.00000000000000
154.00000000000000
154.25000000000000
154.25000000000000
154.25000000000000
154.25000000000000
154.75000000000000
154.75000000000000
154.75000000000000
154.75000000000000
154.00000000000000
154.25000000000000
154.25000000000000
154.50000000000000
155.25000000000000
155.25000000000000
155.25000000000000
155.25000000000000
156.00000000000000
156.00000000000000
156.25000000000000
156.25000000000000
156.25000000000000
155.50000000000000
155.00000000000000
155.00000000000000
155.25000000000000
155.25000000000000
155.50000000000000
155.50000000000000
155.50000000000000
157.00000000000000
157.00000000000000
156.50000000000000
155.00000000000000
155.00000000000000
154.25000000000000
154.25000000000000
154.25000000000000
154.25000000000000
154.25000000000000
154.25000000000000
154.25000000000000
154.50000000000000
154.50000000000000
154.50000000000000
154.25000000000000
154.25000000000000
153.25000000000000
153.00000000000000
153.00000000000000
153.50000000000000
153.50000000000000
153.50000000000000
154.00000000000000
154.00000000000000
154.00000000000000
154.00000000000000
154.00000000000000
154.00000000000000
154.00000000000000
154.00000000000000
153.00000000000000
153.00000000000000
153.00000000000000
153.00000000000000
153.00000000000000
153.00000000000000
153.00000000000000
153.00000000000000
152.00000000000000
151.50000000000000
151.50000000000000
151.75000000000000
151.50000000000000
151.50000000000000
152.50000000000000
152.75000000000000
152.75000000000000
152.75000000000000
152.75000000000000
153.00000000000000
153.25000000000000
153.25000000000000
153.50000000000000
153.75000000000000
153.75000000000000
152.50000000000000
153.00000000000000
153.00000000000000
153.00000000000000
153.00000000000000
153.50000000000000
154.25000000000000
154.25000000000000
154.00000000000000
153.25000000000000
153.25000000000000
153.75000000000000
154.00000000000000
154.00000000000000
154.00000000000000
154.50000000000000
154.50000000000000
154.75000000000000
154.75000000000000
154.75000000000000
153.75000000000000
153.75000000000000
152.75000000000000
152.50000000000000
152.50000000000000
152.25000000000000
151.50000000000000
151.50000000000000
152.00000000000000
152.25000000000000
152.25000000000000
152.25000000000000
152.25000000000000
152.00000000000000
152.50000000000000
152.50000000000000
152.25000000000000
152.25000000000000
152.50000000000000
152.25000000000000
152.25000000000000
152.25000000000000
151.75000000000000
151.75000000000000
152.25000000000000
152.50000000000000
152.50000000000000
153.00000000000000
153.25000000000000
153.25000000000000
153.25000000000000
154.00000000000000
154.00000000000000
155.00000000000000
155.00000000000000
154.25000000000000
154.25000000000000
154.25000000000000
154.50000000000000
154.50000000000000
154.50000000000000
154.25000000000000
153.50000000000000
153.50000000000000
153.75000000000000
153.75000000000000
154.00000000000000
154.50000000000000
154.50000000000000
154.50000000000000
154.50000000000000
154.50000000000000
154.00000000000000
153.50000000000000
153.50000000000000
152.50000000000000
152.75000000000000
152.75000000000000
153.00000000000000
153.00000000000000
152.25000000000000
151.75000000000000
151.75000000000000
152.50000000000000
152.00000000000000
152.00000000000000
151.75000000000000
151.50000000000000
151.50000000000000
151.25000000000000
151.25000000000000
151.25000000000000
151.25000000000000
151.25000000000000
150.75000000000000
150.75000000000000
150.25000000000000
151.50000000000000
151.50000000000000
152.25000000000000
152.25000000000000
151.25000000000000
151.25000000000000
151.25000000000000
152.00000000000000
152.50000000000000
152.50000000000000
152.50000000000000
152.75000000000000
152.75000000000000
151.00000000000000
151.00000000000000
149.25000000000000
149.75000000000000
149.75000000000000
149.00000000000000
149.00000000000000
147.50000000000000
146.50000000000000
146.50000000000000
146.50000000000000
146.50000000000000
146.50000000000000
146.50000000000000
147.00000000000000
147.00000000000000
148.25000000000000
149.00000000000000
149.00000000000000
151.50000000000000
151.50000000000000
150.50000000000000
150.50000000000000
148.75000000000000
145.50000000000000
145.50000000000000
143.25000000000000
143.25000000000000
141.50000000000000
141.75000000000000
141.75000000000000
141.75000000000000
143.00000000000000
143.25000000000000
143.25000000000000
143.00000000000000
143.00000000000000
143.00000000000000
143.00000000000000
143.00000000000000
143.00000000000000
145.50000000000000
145.50000000000000
146.50000000000000
146.50000000000000
147.25000000000000
149.75000000000000
149.75000000000000
150.75000000000000
150.75000000000000
151.00000000000000
151.25000000000000
151.25000000000000
151.25000000000000
151.50000000000000
151.75000000000000
151.75000000000000
151.75000000000000
153.50000000000000
153.50000000000000
153.50000000000000
153.50000000000000
153.75000000000000
153.25000000000000
153.25000000000000
153.75000000000000
153.75000000000000
154.50000000000000
154.50000000000000
153.50000000000000
153.50000000000000
152.00000000000000
152.00000000000000
151.50000000000000
151.50000000000000
150.25000000000000
150.25000000000000
151.00000000000000
150.75000000000000
150.75000000000000
150.75000000000000
150.75000000000000
151.25000000000000
151.25000000000000
151.25000000000000
151.00000000000000
151.00000000000000
151.25000000000000
151.50000000000000
151.50000000000000
151.75000000000000
151.75000000000000
151.00000000000000
149.00000000000000
149.00000000000000
147.50000000000000
146.25000000000000
146.25000000000000
145.25000000000000
145.25000000000000
145.25000000000000
144.50000000000000
144.50000000000000
143.50000000000000
143.50000000000000
142.50000000000000
142.00000000000000
142.00000000000000
142.75000000000000
142.75000000000000
143.25000000000000
143.25000000000000
143.25000000000000
144.50000000000000
144.50000000000000
146.50000000000000
148.00000000000000
148.00000000000000
149.00000000000000
148.50000000000000
148.50000000000000
147.75000000000000
147.75000000000000
147.00000000000000
146.00000000000000
146.00000000000000
144.00000000000000
144.00000000000000
143.00000000000000
143.00000000000000
139.75000000000000
138.50000000000000
138.50000000000000
138.25000000000000
138.25000000000000
138.75000000000000
141.25000000000000
141.25000000000000
143.75000000000000
143.75000000000000
144.50000000000000
145.25000000000000
145.25000000000000
150.50000000000000
150.50000000000000
152.00000000000000
152.00000000000000
153.00000000000000
149.50000000000000
149.50000000000000
146.00000000000000
146.00000000000000
141.75000000000000
141.75000000000000
138.00000000000000
138.00000000000000
138.25000000000000
138.25000000000000
137.75000000000000
137.75000000000000
138.25000000000000
139.00000000000000
139.00000000000000
139.25000000000000
139.25000000000000
139.25000000000000
139.25000000000000
140.00000000000000
141.50000000000000
141.50000000000000
143.25000000000000
146.25000000000000
146.25000000000000
146.25000000000000
150.75000000000000
151.50000000000000
151.50000000000000
150.50000000000000
149.75000000000000
149.75000000000000
149.75000000000000
149.75000000000000
149.50000000000000
149.50000000000000
149.50000000000000
149.50000000000000
149.50000000000000
150.75000000000000
150.75000000000000
151.75000000000000
151.00000000000000
151.00000000000000
148.75000000000000
148.75000000000000
146.75000000000000
146.50000000000000
146.50000000000000
145.75000000000000
145.75000000000000
144.00000000000000
144.25000000000000
144.25000000000000
145.50000000000000
145.50000000000000
145.50000000000000
146.75000000000000
146.75000000000000
146.75000000000000
146.50000000000000
146.50000000000000
146.50000000000000
152.00000000000000
152.00000000000000
153.50000000000000
154.75000000000000
154.75000000000000
154.25000000000000
154.25000000000000
154.25000000000000
154.25000000000000
154.50000000000000
154.50000000000000
154.50000000000000
155.00000000000000
155.00000000000000
156.50000000000000
156.50000000000000
156.00000000000000
156.00000000000000
154.75000000000000
154.75000000000000
153.50000000000000
153.50000000000000
152.25000000000000
152.25000000000000
151.50000000000000
151.25000000000000
151.25000000000000
151.25000000000000
151.25000000000000
151.00000000000000
151.00000000000000
148.25000000000000
146.75000000000000
146.75000000000000
146.75000000000000
146.75000000000000
146.75000000000000
145.50000000000000
145.50000000000000
145.50000000000000
145.50000000000000
145.50000000000000
145.50000000000000
146.93750000000000
148.37500000000000
149.81250000000000
151.25000000000000
152.75000000000000
152.75000000000000
151.75000000000000
151.75000000000000
150.75000000000000
150.75000000000000
150.50000000000000
150.25000000000000
150.25000000000000
150.25000000000000
150.25000000000000
152.75000000000000
152.75000000000000
151.25000000000000
151.25000000000000
151.00000000000000
151.00000000000000
150.25000000000000
150.75000000000000
150.75000000000000
150.75000000000000
151.50000000000000
151.50000000000000
152.50000000000000
152.50000000000000
152.00000000000000
151.75000000000000
151.75000000000000
152.50000000000000
153.00000000000000
153.00000000000000
153.00000000000000
153.00000000000000
153.00000000000000
153.00000000000000
153.00000000000000
152.50000000000000
152.25000000000000
152.25000000000000
152.00000000000000
152.25000000000000
152.25000000000000
152.25000000000000
152.25000000000000
152.00000000000000
152.00000000000000
152.00000000000000
151.50000000000000
150.00000000000000
150.00000000000000
148.75000000000000
148.00000000000000
148.00000000000000
148.25000000000000
148.25000000000000
148.75000000000000
148.75000000000000
148.75000000000000
148.75000000000000
148.75000000000000
146.50000000000000
145.25000000000000
145.25000000000000
145.25000000000000
145.00000000000000
145.00000000000000
148.25000000000000
148.25000000000000
147.75000000000000
147.75000000000000
147.00000000000000
147.25000000000000
147.25000000000000
149.00000000000000
149.00000000000000
149.00000000000000
149.75000000000000
150.50000000000000
150.50000000000000
150.75000000000000
150.75000000000000
150.75000000000000
150.50000000000000
150.50000000000000
150.50000000000000
150.50000000000000
150.50000000000000
150.00000000000000
150.00000000000000
148.50000000000000
148.00000000000000
148.00000000000000
148.50000000000000
148.75000000000000
148.75000000000000
149.25000000000000
149.25000000000000
148.75000000000000
148.25000000000000
148.25000000000000
148.25000000000000
147.75000000000000
147.75000000000000
147.25000000000000
147.75000000000000
147.75000000000000
146.50000000000000
146.50000000000000
146.50000000000000
146.25000000000000
146.25000000000000
146.25000000000000
146.25000000000000
147.50000000000000
147.50000000000000
147.50000000000000
144.75000000000000
144.75000000000000
144.75000000000000
144.25000000000000
144.25000000000000
145.50000000000000
145.50000000000000
145.00000000000000
145.75000000000000
145.75000000000000
146.50000000000000
146.50000000000000
147.00000000000000
147.00000000000000
147.50000000000000
147.50000000000000
147.50000000000000
145.00000000000000
146.75000000000000
146.75000000000000
147.75000000000000
147.75000000000000
148.25000000000000
147.25000000000000
147.25000000000000
146.75000000000000
147.25000000000000
147.25000000000000
148.50000000000000
148.50000000000000
148.50000000000000
148.75000000000000
148.75000000000000
148.50000000000000
148.00000000000000
148.00000000000000
147.50000000000000
147.50000000000000
146.00000000000000
146.00000000000000
146.00000000000000
146.00000000000000
146.00000000000000
146.50000000000000
146.00000000000000
146.00000000000000
146.25000000000000
146.25000000000000
145.25000000000000
144.75000000000000
144.75000000000000
145.75000000000000
146.50000000000000
146.50000000000000
146.50000000000000
146.50000000000000
146.75000000000000
146.75000000000000
146.75000000000000
146.25000000000000
146.25000000000000
146.25000000000000
146.00000000000000
146.00000000000000
146.50000000000000
146.50000000000000
147.00000000000000
147.00000000000000
147.00000000000000
147.50000000000000
147.00000000000000
147.00000000000000
146.25000000000000
146.25000000000000
146.25000000000000
146.25000000000000
146.25000000000000
146.25000000000000
145.25000000000000
145.25000000000000
144.75000000000000
144.75000000000000
145.00000000000000
145.50000000000000
145.50000000000000
145.50000000000000
145.00000000000000
145.00000000000000
144.75000000000000
145.50000000000000
145.50000000000000
145.75000000000000
145.75000000000000
146.50000000000000
147.00000000000000
147.00000000000000
147.25000000000000
147.25000000000000
147.25000000000000
147.25000000000000
147.50000000000000
147.50000000000000
147.50000000000000
147.25000000000000
147.25000000000000
147.25000000000000
147.00000000000000
147.00000000000000
146.25000000000000
146.25000000000000
146.25000000000000
146.25000000000000
146.25000000000000
148.50000000000000
148.50000000000000
148.50000000000000
148.00000000000000
148.00000000000000
145.50000000000000
145.50000000000000
145.50000000000000
145.25000000000000
145.25000000000000
145.50000000000000
146.00000000000000
146.00000000000000
145.00000000000000
145.00000000000000
144.75000000000000
144.75000000000000
144.75000000000000
147.00000000000000
146.50000000000000
146.50000000000000
146.50000000000000
146.50000000000000
145.00000000000000
145.00000000000000
145.00000000000000
144.50000000000000
144.50000000000000
144.00000000000000
144.00000000000000
145.75000000000000
145.75000000000000
146.00000000000000
146.00000000000000
144.00000000000000
144.00000000000000
144.00000000000000
144.00000000000000
144.50000000000000
144.50000000000000
144.75000000000000
144.75000000000000
145.75000000000000
145.75000000000000
148.25000000000000
148.25000000000000
146.00000000000000
146.00000000000000
145.50000000000000
146.25000000000000
146.25000000000000
146.25000000000000
146.50000000000000
146.50000000000000
146.50000000000000
146.50000000000000
146.00000000000000
146.00000000000000
146.25000000000000
146.50000000000000
146.50000000000000
146.00000000000000
146.00000000000000
145.50000000000000
145.00000000000000
145.00000000000000
144.75000000000000
145.00000000000000
145.00000000000000
145.00000000000000
145.50000000000000
145.50000000000000
143.50000000000000
143.50000000000000
143.75000000000000
143.75000000000000
145.00000000000000
146.00000000000000
146.00000000000000
145.00000000000000
145.00000000000000
144.25000000000000
144.75000000000000
144.75000000000000
144.75000000000000
143.00000000000000
143.00000000000000
146.25000000000000
146.25000000000000
145.50000000000000
145.50000000000000
144.25000000000000
143.25000000000000
143.25000000000000
143.25000000000000
142.00000000000000
142.00000000000000
142.00000000000000
144.25000000000000
144.75000000000000
144.75000000000000
143.75000000000000
143.75000000000000
142.25000000000000
141.75000000000000
141.75000000000000
143.00000000000000
143.00000000000000
143.25000000000000
143.25000000000000
143.25000000000000
143.00000000000000
143.00000000000000
142.00000000000000
142.00000000000000
142.00000000000000
142.25000000000000
142.25000000000000
143.00000000000000
141.75000000000000
141.75000000000000
141.25000000000000
141.25000000000000
141.25000000000000
141.25000000000000
141.25000000000000
141.25000000000000
137.25000000000000
137.25000000000000
137.00000000000000
137.00000000000000
138.50000000000000
138.50000000000000
139.25000000000000
139.25000000000000
139.75000000000000
139.75000000000000
139.75000000000000
139.75000000000000
139.75000000000000
139.75000000000000
139.75000000000000
139.62500000000000
139.50000000000000
139.37500000000000
139.25000000000000
139.25000000000000
137.75000000000000
137.75000000000000
135.25000000000000
135.25000000000000
134.25000000000000
133.25000000000000
133.25000000000000
134.00000000000000
134.00000000000000
134.00000000000000
134.00000000000000
132.75000000000000
132.75000000000000
132.00000000000000
132.00000000000000
133.25000000000000
133.25000000000000
133.25000000000000
134.75000000000000
134.75000000000000
134.25000000000000
134.25000000000000
133.75000000000000
133.75000000000000
133.75000000000000
135.25000000000000
135.25000000000000
138.00000000000000
138.00000000000000
140.25000000000000
141.25000000000000
141.25000000000000
141.75000000000000
141.75000000000000
144.00000000000000
144.00000000000000
143.00000000000000
142.50000000000000
142.50000000000000
142.50000000000000
142.00000000000000
142.00000000000000
140.50000000000000
140.50000000000000
139.75000000000000
140.50000000000000
140.50000000000000
142.00000000000000
142.00000000000000
142.50000000000000
142.50000000000000
143.75000000000000
144.00000000000000
144.00000000000000
144.25000000000000
143.50000000000000
143.50000000000000
143.50000000000000
143.50000000000000
143.50000000000000
143.00000000000000
143.00000000000000
142.75000000000000
142.75000000000000
142.75000000000000
141.00000000000000
141.00000000000000
141.00000000000000
141.00000000000000
141.00000000000000
142.00000000000000
142.00000000000000
141.50000000000000
141.50000000000000
142.00000000000000
144.00000000000000
144.00000000000000
144.75000000000000
144.75000000000000
145.00000000000000
145.00000000000000
145.00000000000000
142.75000000000000
142.75000000000000
144.75000000000000
145.50000000000000
145.50000000000000
145.50000000000000
145.75000000000000
145.75000000000000
143.25000000000000
143.25000000000000
143.75000000000000
143.75000000000000
143.75000000000000
143.50000000000000
143.50000000000000
143.50000000000000
143.50000000000000
143.75000000000000
143.75000000000000
143.75000000000000
144.00000000000000
144.00000000000000
144.50000000000000
144.50000000000000
143.00000000000000
143.50000000000000
143.50000000000000
145.00000000000000
145.00000000000000
143.75000000000000
143.75000000000000
143.75000000000000
144.00000000000000
144.75000000000000
144.75000000000000
145.00000000000000
145.00000000000000
145.00000000000000
145.00000000000000
140.00000000000000
140.00000000000000
140.00000000000000
141.25000000000000
142.25000000000000
142.25000000000000
142.25000000000000
142.25000000000000
142.25000000000000
142.25000000000000
142.25000000000000
143.50000000000000
143.50000000000000
143.25000000000000
142.00000000000000
142.00000000000000
143.50000000000000
143.50000000000000
143.75000000000000
143.75000000000000
143.75000000000000
144.50000000000000
144.50000000000000
142.75000000000000
142.75000000000000
142.75000000000000
143.75000000000000
143.75000000000000
142.50000000000000
142.50000000000000
142.50000000000000
142.50000000000000
141.75000000000000
141.75000000000000
141.75000000000000
142.50000000000000
142.50000000000000
142.50000000000000
142.50000000000000
143.00000000000000
143.50000000000000
143.50000000000000
143.75000000000000
143.75000000000000
143.50000000000000
142.75000000000000
142.75000000000000
144.50000000000000
144.50000000000000
145.75000000000000
146.25000000000000
146.25000000000000
145.75000000000000
145.75000000000000
145.75000000000000
145.75000000000000
146.50000000000000
146.50000000000000
146.50000000000000
146.50000000000000
146.50000000000000
146.75000000000000
146.75000000000000
146.75000000000000
148.00000000000000
148.00000000000000
147.25000000000000
147.25000000000000
147.25000000000000
148.00000000000000
148.00000000000000
145.00000000000000
145.00000000000000
144.50000000000000
144.50000000000000
144.50000000000000
145.25000000000000
145.75000000000000
145.75000000000000
147.00000000000000
147.00000000000000
144.50000000000000
143.50000000000000
143.50000000000000
143.50000000000000
143.00000000000000
143.00000000000000
143.00000000000000
143.00000000000000
143.00000000000000
143.07870370370370
143.15740740740742
143.23611111111111
143.31481481481481
143.39351851851850
143.47222222222223
143.55092592592592
143.62962962962962
143.70833333333334
143.78703703703704
143.86574074074073
143.94444444444446
144.02314814814815
144.10185185185185
144.18055555555554
144.25925925925927
144.33796296296296
144.41666666666666
144.49537037037038
144.57407407407408
144.65277777777777
144.73148148148150
144.81018518518519
144.88888888888889
144.96759259259258
145.04629629629630
145.12500000000000
145.20370370370370
145.28240740740742
145.36111111111111
145.43981481481481
145.51851851851850
145.59722222222223
145.67592592592592
145.75462962962962
145.83333333333334
145.91203703703704
145.99074074074073
146.06944444444446
146.14814814814815
146.22685185185185
146.30555555555554
146.38425925925927
146.46296296296296
146.54166666666666
146.62037037037038
146.69907407407408
146.77777777777777
146.85648148148150
146.93518518518519
147.01388888888889
147.09259259259258
147.17129629629630
147.25000000000000
147.25000000000000
147.25000000000000
147.50000000000000
147.50000000000000
147.50000000000000
147.50000000000000
149.50000000000000
149.50000000000000
147.75000000000000
147.75000000000000
147.75000000000000
147.25000000000000
147.25000000000000
147.25000000000000
147.25000000000000
147.25000000000000
148.50000000000000
148.50000000000000
149.50000000000000
149.50000000000000
150.25000000000000
150.25000000000000
150.25000000000000
150.25000000000000
150.25000000000000
150.25000000000000
145.50000000000000
145.50000000000000
143.75000000000000
143.75000000000000
143.75000000000000
143.00000000000000
143.00000000000000
143.00000000000000
143.00000000000000
143.00000000000000
143.00000000000000
142.98369565217391
142.96739130434781
142.95108695652175
142.93478260869566
142.91847826086956
142.90217391304347
142.88586956521740
142.86956521739131
142.85326086956522
142.83695652173913
142.82065217391303
142.80434782608697
142.78804347826087
142.77173913043478
142.75543478260869
142.73913043478260
142.72282608695653
142.70652173913044
142.69021739130434
142.67391304347825
142.65760869565219
142.64130434782609
142.62500000000000
142.60869565217391
142.59239130434781
142.57608695652175
142.55978260869566
142.54347826086956
142.52717391304347
142.51086956521740
142.49456521739131
142.47826086956522
142.46195652173913
142.44565217391303
142.42934782608697
142.41304347826087
142.39673913043478
142.38043478260869
142.36413043478260
142.34782608695653
142.33152173913044
142.31521739130434
142.29891304347825
142.28260869565219
142.26630434782609
142.25000000000000
142.23369565217391
142.21739130434781
142.20108695652175
142.18478260869566
142.16847826086956
142.15217391304347
142.13586956521740
142.11956521739131
142.10326086956522
142.08695652173913
142.07065217391303
142.05434782608697
142.03804347826087
142.02173913043478
142.00543478260869
141.98913043478260
141.97282608695653
141.95652173913044
141.94021739130434
141.92391304347825
141.90760869565219
141.89130434782609
141.87500000000000
141.85869565217391
141.84239130434781
141.82608695652175
141.80978260869566
141.79347826086956
141.77717391304347
141.76086956521740
141.74456521739131
141.72826086956522
141.71195652173913
141.69565217391303
141.67934782608697
141.66304347826087
141.64673913043478
141.63043478260869
141.61413043478260
141.59782608695653
141.58152173913044
141.56521739130434
141.54891304347825
141.53260869565219
141.51630434782609
141.50000000000000
141.75000000000000
141.75000000000000
141.75000000000000
142.75000000000000
142.75000000000000
143.00000000000000
143.00000000000000
143.00000000000000
143.25000000000000
143.25000000000000
141.50000000000000
141.50000000000000
142.75000000000000
143.00000000000000
143.00000000000000
143.00000000000000
143.25000000000000
143.25000000000000
143.25000000000000
143.25000000000000
143.25000000000000
143.25000000000000
144.00000000000000
144.75000000000000
145.50000000000000
146.25000000000000
146.25000000000000
148.50000000000000
148.50000000000000
149.00000000000000
149.00000000000000
149.00000000000000
149.00000000000000
151.00000000000000
151.00000000000000
151.00000000000000
151.25000000000000
151.25000000000000
151.25000000000000
151.25000000000000
149.75000000000000
149.00000000000000
149.00000000000000
150.00000000000000
150.75000000000000
150.75000000000000
151.00000000000000
151.00000000000000
151.00000000000000
151.25000000000000
151.25000000000000
150.75000000000000
151.25000000000000
151.75000000000000
152.25000000000000
152.25000000000000
152.50000000000000
152.50000000000000
150.25000000000000
150.25000000000000
149.75000000000000
149.75000000000000
149.75000000000000
149.25000000000000
149.25000000000000
149.25000000000000
146.25000000000000
146.25000000000000
146.25000000000000
146.25000000000000
146.50000000000000
146.50000000000000
146.50000000000000
147.25000000000000
147.25000000000000
147.50000000000000
147.50000000000000
147.50000000000000
147.50000000000000
147.50000000000000
147.50000000000000
147.50000000000000
147.50000000000000
146.75000000000000
148.50000000000000
148.50000000000000
148.50000000000000
148.50000000000000
147.50000000000000
147.25000000000000
147.25000000000000
144.50000000000000
144.50000000000000
144.50000000000000
143.50000000000000
143.50000000000000
143.50000000000000
141.25000000000000
140.75000000000000
140.75000000000000
140.75000000000000
140.50000000000000
140.50000000000000
141.00000000000000
141.00000000000000
137.75000000000000
137.75000000000000
136.50000000000000
138.00000000000000
138.00000000000000
140.00000000000000
140.00000000000000
140.00000000000000
141.50000000000000
141.50000000000000
141.50000000000000
142.75000000000000
142.75000000000000
145.50000000000000
145.50000000000000
143.25000000000000
143.25000000000000
142.25000000000000
142.25000000000000
140.50000000000000
137.25000000000000
137.25000000000000
131.75000000000000
131.75000000000000
133.00000000000000
133.00000000000000
133.00000000000000
133.00000000000000
132.00000000000000
132.00000000000000
130.75000000000000
130.00000000000000
130.00000000000000
128.75000000000000
128.75000000000000
128.75000000000000
128.75000000000000
128.75000000000000
128.75000000000000
128.75000000000000
128.75000000000000
130.25000000000000
130.25000000000000
130.25000000000000
129.50000000000000
129.50000000000000
129.25000000000000
129.25000000000000
128.75000000000000
128.75000000000000
129.50000000000000
129.50000000000000
130.50000000000000
130.50000000000000
131.00000000000000
131.00000000000000
131.00000000000000
132.75000000000000
132.75000000000000
134.75000000000000
134.75000000000000
135.25000000000000
135.25000000000000
135.25000000000000
136.25000000000000
136.25000000000000
136.25000000000000
136.25000000000000
133.00000000000000
133.00000000000000
133.00000000000000
134.50000000000000
134.50000000000000
134.50000000000000
134.50000000000000
137.25000000000000
137.25000000000000
137.75000000000000
137.75000000000000
137.50000000000000
137.50000000000000
137.50000000000000
137.50000000000000
137.50000000000000
137.50000000000000
137.50000000000000
137.50000000000000
139.25000000000000
139.25000000000000
140.25000000000000
140.25000000000000
140.50000000000000
140.75000000000000
140.75000000000000
142.25000000000000
142.25000000000000
142.25000000000000
145.75000000000000
145.75000000000000
145.00000000000000
145.00000000000000
145.00000000000000
144.50000000000000
144.50000000000000
144.50000000000000
144.50000000000000
143.25000000000000
142.00000000000000
142.00000000000000
142.00000000000000
141.75000000000000
141.75000000000000
141.75000000000000
141.75000000000000
139.50000000000000
139.50000000000000
137.75000000000000
137.75000000000000
138.25000000000000
140.00000000000000
140.00000000000000
140.00000000000000
143.50000000000000
143.50000000000000
143.50000000000000
143.50000000000000
143.00000000000000
143.75000000000000
143.75000000000000
145.25000000000000
145.25000000000000
146.25000000000000
147.75000000000000
147.75000000000000
148.25000000000000
148.25000000000000
148.75000000000000
149.25000000000000
149.25000000000000
149.75000000000000
150.50000000000000
150.50000000000000
150.00000000000000
150.00000000000000
150.00000000000000
150.00000000000000
150.00000000000000
150.00000000000000
150.00000000000000
150.00000000000000
149.25000000000000
149.25000000000000
149.50000000000000
149.50000000000000
149.25000000000000
149.25000000000000
147.50000000000000
147.50000000000000
147.75000000000000
147.75000000000000
147.75000000000000
142.50000000000000
142.50000000000000
144.75000000000000
146.00000000000000
146.00000000000000
146.25000000000000
146.25000000000000
146.25000000000000
145.75000000000000
145.75000000000000
146.25000000000000
146.25000000000000
143.75000000000000
143.75000000000000
145.75000000000000
146.75000000000000
146.75000000000000
146.75000000000000
146.75000000000000
146.75000000000000
146.75000000000000
147.25000000000000
147.25000000000000
147.25000000000000
147.25000000000000
147.50000000000000
146.25000000000000
146.25000000000000
145.50000000000000
145.50000000000000
145.75000000000000
145.75000000000000
145.75000000000000
145.75000000000000
144.50000000000000
144.50000000000000
145.50000000000000
145.75000000000000
145.75000000000000
145.75000000000000
147.25000000000000
147.25000000000000
146.75000000000000
146.50000000000000
146.50000000000000
146.50000000000000
146.50000000000000
146.75000000000000
146.75000000000000
146.00000000000000
146.00000000000000
145.50000000000000
145.50000000000000
145.50000000000000
145.75000000000000
145.75000000000000
145.75000000000000
146.25000000000000
146.25000000000000
148.00000000000000
148.00000000000000
147.75000000000000
147.00000000000000
147.00000000000000
147.75000000000000
147.75000000000000
148.75000000000000
148.75000000000000
148.75000000000000
148.50000000000000
148.50000000000000
148.00000000000000
147.75000000000000
147.75000000000000
147.25000000000000
147.25000000000000
147.25000000000000
147.25000000000000
147.25000000000000
147.50000000000000
147.25000000000000
147.25000000000000
146.75000000000000
146.75000000000000
147.75000000000000
148.00000000000000
148.00000000000000
147.50000000000000
147.50000000000000
147.25000000000000
147.25000000000000
147.25000000000000
147.75000000000000
147.00000000000000
147.00000000000000
147.25000000000000
147.25000000000000
148.00000000000000
148.50000000000000
148.50000000000000
148.75000000000000
148.50000000000000
148.50000000000000
148.25000000000000
148.25000000000000
148.50000000000000
148.50000000000000
148.50000000000000
148.75000000000000
148.75000000000000
149.50000000000000
150.00000000000000
150.00000000000000
149.50000000000000
149.00000000000000
149.00000000000000
148.75000000000000
148.75000000000000
149.00000000000000
149.00000000000000
148.25000000000000
149.25000000000000
149.25000000000000
149.25000000000000
149.75000000000000
149.75000000000000
150.75000000000000
150.75000000000000
150.75000000000000
150.75000000000000
150.25000000000000
150.25000000000000
150.75000000000000
151.25000000000000
151.25000000000000
150.25000000000000
150.25000000000000
150.75000000000000
151.25000000000000
151.25000000000000
151.25000000000000
151.25000000000000
151.25000000000000
152.00000000000000
152.00000000000000
148.50000000000000
146.25000000000000
146.25000000000000
150.00000000000000
150.00000000000000
150.00000000000000
151.75000000000000
152.00000000000000
152.00000000000000
144.75000000000000
144.75000000000000
139.75000000000000
139.75000000000000
140.00000000000000
140.00000000000000
140.50000000000000
140.50000000000000
140.50000000000000
140.50000000000000
140.50000000000000
140.50000000000000
140.50000000000000
142.50000000000000
142.50000000000000
142.50000000000000
143.00000000000000
143.00000000000000
143.50000000000000
143.50000000000000
145.00000000000000
145.00000000000000
145.00000000000000
145.00000000000000
145.00000000000000
146.50000000000000
146.50000000000000
147.25000000000000
147.25000000000000
147.25000000000000
147.75000000000000
147.75000000000000
148.50000000000000
148.50000000000000
147.25000000000000
147.25000000000000
147.25000000000000
145.25000000000000
145.25000000000000
145.50000000000000
145.50000000000000
144.75000000000000
144.75000000000000
145.25000000000000
146.00000000000000
146.00000000000000
146.00000000000000
145.50000000000000
145.50000000000000
145.50000000000000
146.25000000000000
146.25000000000000
147.00000000000000
147.00000000000000
147.00000000000000
147.00000000000000
147.00000000000000
146.75000000000000
146.75000000000000
147.50000000000000
147.50000000000000
148.00000000000000
148.00000000000000
148.25000000000000
148.25000000000000
149.75000000000000
149.75000000000000
150.25000000000000
149.75000000000000
149.75000000000000
149.75000000000000
148.50000000000000
148.50000000000000
150.75000000000000
150.75000000000000
150.75000000000000
151.25000000000000
151.25000000000000
151.25000000000000
151.25000000000000
151.25000000000000
152.50000000000000
152.50000000000000
152.25000000000000
152.50000000000000
152.50000000000000
152.75000000000000
152.75000000000000
153.00000000000000
153.00000000000000
151.25000000000000
151.25000000000000
151.25000000000000
152.00000000000000
152.00000000000000
150.75000000000000
150.75000000000000
149.50000000000000
148.75000000000000
148.75000000000000
147.50000000000000
147.50000000000000
148.25000000000000
148.25000000000000
146.50000000000000
146.50000000000000
146.50000000000000
146.50000000000000
147.25000000000000
147.25000000000000
146.50000000000000
146.50000000000000
145.50000000000000
144.25000000000000
144.25000000000000
144.50000000000000
144.50000000000000
144.75000000000000
145.00000000000000
145.00000000000000
144.75000000000000
144.75000000000000
143.75000000000000
141.50000000000000
141.50000000000000
141.00000000000000
141.00000000000000
141.25000000000000
141.25000000000000
142.00000000000000
142.25000000000000
142.25000000000000
142.00000000000000
142.00000000000000
142.00000000000000
142.50000000000000
142.50000000000000
142.75000000000000
142.75000000000000
141.75000000000000
141.75000000000000
141.75000000000000
141.75000000000000
141.25000000000000
141.25000000000000
141.25000000000000
141.25000000000000
141.00000000000000
141.00000000000000
140.50000000000000
141.00000000000000
141.00000000000000
141.00000000000000
141.00000000000000
140.75000000000000
141.00000000000000
141.00000000000000
141.00000000000000
141.25000000000000
141.25000000000000
142.25000000000000
142.25000000000000
142.25000000000000
143.25000000000000
143.25000000000000
143.25000000000000
142.25000000000000
142.25000000000000
143.75000000000000
143.75000000000000
143.75000000000000
144.75000000000000
145.25000000000000
145.25000000000000
145.00000000000000
144.75000000000000
144.75000000000000
145.25000000000000
145.25000000000000
145.25000000000000
145.25000000000000
145.25000000000000
144.25000000000000
142.75000000000000
142.75000000000000
142.75000000000000
142.75000000000000
143.00000000000000
143.00000000000000
144.00000000000000
144.00000000000000
144.75000000000000
144.25000000000000
144.25000000000000
143.75000000000000
143.75000000000000
144.25000000000000
146.00000000000000
146.00000000000000
146.25000000000000
146.25000000000000
146.50000000000000
146.50000000000000
146.50000000000000
146.25000000000000
146.25000000000000
146.25000000000000
146.25000000000000
146.75000000000000
146.75000000000000
147.75000000000000
147.75000000000000
148.75000000000000
148.75000000000000
148.75000000000000
147.75000000000000
147.75000000000000
147.75000000000000
147.75000000000000
147.75000000000000
146.00000000000000
146.25000000000000
146.25000000000000
146.00000000000000
146.00000000000000
146.00000000000000
146.00000000000000
146.00000000000000
144.50000000000000
144.50000000000000
144.50000000000000
144.50000000000000
143.50000000000000
143.50000000000000
144.00000000000000
144.00000000000000
144.75000000000000
144.75000000000000
143.00000000000000
143.00000000000000
142.50000000000000
142.50000000000000
142.50000000000000
142.50000000000000
142.50000000000000
142.50000000000000
142.75000000000000
142.75000000000000
143.00000000000000
143.00000000000000
142.25000000000000
142.25000000000000
142.50000000000000
141.50000000000000
141.50000000000000
142.25000000000000
142.25000000000000
142.25000000000000
142.75000000000000
142.75000000000000
143.25000000000000
143.25000000000000
143.25000000000000
143.00000000000000
143.00000000000000
142.25000000000000
142.25000000000000
141.75000000000000
142.25000000000000
142.25000000000000
142.50000000000000
142.50000000000000
141.25000000000000
140.25000000000000
140.25000000000000
139.75000000000000
139.75000000000000
141.75000000000000
141.75000000000000
141.50000000000000
141.00000000000000
141.00000000000000
139.75000000000000
139.75000000000000
139.00000000000000
139.00000000000000
139.75000000000000
139.75000000000000
139.75000000000000
139.75000000000000
139.75000000000000
139.50000000000000
139.50000000000000
140.00000000000000
140.25000000000000
140.25000000000000
140.75000000000000
140.75000000000000
141.25000000000000
141.25000000000000
141.25000000000000
141.75000000000000
141.75000000000000
142.00000000000000
142.00000000000000
141.75000000000000
142.75000000000000
142.75000000000000
143.25000000000000
143.25000000000000
143.75000000000000
143.75000000000000
145.50000000000000
145.50000000000000
145.00000000000000
145.00000000000000
144.50000000000000
144.50000000000000
142.75000000000000
142.75000000000000
142.75000000000000
142.75000000000000
142.75000000000000
142.25000000000000
142.25000000000000
142.50000000000000
142.50000000000000
141.00000000000000
141.00000000000000
141.00000000000000
138.50000000000000
138.50000000000000
138.50000000000000
140.00000000000000
140.00000000000000
140.00000000000000
141.00000000000000
141.00000000000000
141.75000000000000
141.75000000000000
142.25000000000000
142.25000000000000
143.00000000000000
143.50000000000000
143.50000000000000
144.50000000000000
144.50000000000000
144.75000000000000
144.75000000000000
144.75000000000000
145.75000000000000
146.25000000000000
146.25000000000000
146.50000000000000
146.50000000000000
146.50000000000000
145.00000000000000
145.00000000000000
145.00000000000000
145.00000000000000
145.00000000000000
145.00000000000000
145.00000000000000
145.25000000000000
145.00000000000000
145.00000000000000
144.75000000000000
144.75000000000000
145.25000000000000
145.75000000000000
145.75000000000000
147.00000000000000
147.00000000000000
147.00000000000000
147.00000000000000
146.50000000000000
146.00000000000000
146.00000000000000
145.50000000000000
145.50000000000000
145.50000000000000
146.50000000000000
145.75000000000000
145.75000000000000
145.00000000000000
145.00000000000000
145.00000000000000
145.00000000000000
145.00000000000000
146.00000000000000
145.25000000000000
145.25000000000000
144.75000000000000
144.75000000000000
142.50000000000000
142.50000000000000
143.25000000000000
143.25000000000000
141.75000000000000
141.75000000000000
141.75000000000000
141.75000000000000
141.00000000000000
141.00000000000000
141.00000000000000
139.50000000000000
139.50000000000000
142.50000000000000
142.50000000000000
143.25000000000000
143.25000000000000
143.75000000000000
141.50000000000000
141.50000000000000
141.25000000000000
141.25000000000000
143.00000000000000
144.25000000000000
144.25000000000000
144.25000000000000
144.25000000000000
143.50000000000000
143.50000000000000
143.25000000000000
143.25000000000000
143.25000000000000
143.25000000000000
143.25000000000000
143.25000000000000
143.00000000000000
143.00000000000000
145.25000000000000
145.25000000000000
145.50000000000000
145.75000000000000
145.75000000000000
145.25000000000000
145.25000000000000
145.25000000000000
145.25000000000000
145.25000000000000
146.25000000000000
146.25000000000000
143.25000000000000
143.25000000000000
143.25000000000000
146.00000000000000
145.00000000000000
145.00000000000000
145.50000000000000
145.50000000000000
145.00000000000000
144.00000000000000
144.00000000000000
144.00000000000000
144.00000000000000
144.00000000000000
144.00000000000000
144.00000000000000
144.50000000000000
144.50000000000000
144.50000000000000
144.50000000000000
144.50000000000000
144.50000000000000
144.50000000000000
144.00000000000000
144.00000000000000
144.00000000000000
144.75000000000000
144.75000000000000
144.00000000000000
143.50000000000000
143.50000000000000
143.50000000000000
143.50000000000000
143.50000000000000
149.50000000000000
149.50000000000000
145.50000000000000
145.50000000000000
145.00000000000000
145.75000000000000
145.75000000000000
145.75000000000000
145.75000000000000
145.00000000000000
143.50000000000000
143.50000000000000
144.25000000000000
144.25000000000000
144.50000000000000
143.00000000000000
143.00000000000000
143.00000000000000
143.00000000000000
145.25000000000000
145.25000000000000
145.50000000000000
145.50000000000000
144.50000000000000
144.50000000000000
144.50000000000000
144.50000000000000
144.75000000000000
144.75000000000000
145.25000000000000
145.25000000000000
145.25000000000000
145.25000000000000
145.00000000000000
144.50000000000000
144.50000000000000
145.25000000000000
145.25000000000000
144.25000000000000
144.25000000000000
143.50000000000000
143.50000000000000
143.50000000000000
143.50000000000000
143.50000000000000
143.50000000000000
143.50000000000000
143.75000000000000
143.75000000000000
143.25000000000000
143.25000000000000
143.25000000000000
143.00000000000000
142.00000000000000
142.00000000000000
142.75000000000000
142.75000000000000
145.00000000000000
146.50000000000000
146.50000000000000
146.75000000000000
146.75000000000000
146.50000000000000
146.75000000000000
146.75000000000000
147.00000000000000
147.00000000000000
148.00000000000000
148.00000000000000
148.00000000000000
149.00000000000000
149.00000000000000
149.25000000000000
149.25000000000000
149.25000000000000
149.75000000000000
149.50000000000000
149.50000000000000
148.00000000000000
148.00000000000000
147.00000000000000
147.00000000000000
147.75000000000000
147.75000000000000
148.25000000000000
148.25000000000000
148.50000000000000
148.50000000000000
148.00000000000000
148.00000000000000
148.25000000000000
148.25000000000000
147.75000000000000
147.75000000000000
146.50000000000000
146.50000000000000
146.50000000000000
146.50000000000000
146.50000000000000
146.25000000000000
146.25000000000000
146.75000000000000
146.75000000000000
146.75000000000000
147.00000000000000
147.00000000000000
147.00000000000000
147.00000000000000
147.00000000000000
149.00000000000000
149.00000000000000
148.50000000000000
148.50000000000000
148.50000000000000
148.50000000000000
151.50000000000000
151.50000000000000
150.25000000000000
150.00000000000000
150.00000000000000
150.00000000000000
150.00000000000000
150.00000000000000
155.25000000000000
155.25000000000000
157.50000000000000
157.50000000000000
158.25000000000000
158.25000000000000
158.50000000000000
158.50000000000000
150.00000000000000
150.00000000000000
147.50000000000000
147.50000000000000
147.50000000000000
147.00000000000000
147.00000000000000
145.75000000000000
145.75000000000000
145.75000000000000
147.25000000000000
147.25000000000000
147.25000000000000
148.25000000000000
148.25000000000000
148.25000000000000
148.25000000000000
148.50000000000000
148.50000000000000
149.25000000000000
149.50000000000000
149.50000000000000
149.50000000000000
149.25000000000000
149.25000000000000
149.25000000000000
149.25000000000000
149.25000000000000
149.50000000000000
149.25000000000000
149.25000000000000
147.75000000000000
147.75000000000000
147.75000000000000
147.00000000000000
147.00000000000000
147.00000000000000
147.25000000000000
147.25000000000000
147.25000000000000
146.25000000000000
146.25000000000000
146.25000000000000
146.25000000000000
146.25000000000000
146.25000000000000
146.25000000000000
146.25000000000000
146.50000000000000
146.75000000000000
146.75000000000000
146.75000000000000
146.75000000000000
146.75000000000000
147.00000000000000
146.50000000000000
146.50000000000000
146.50000000000000
145.75000000000000
145.75000000000000
148.50000000000000
148.50000000000000
150.00000000000000
151.50000000000000
151.50000000000000
152.00000000000000
152.50000000000000
152.50000000000000
152.50000000000000
152.50000000000000
152.50000000000000
151.75000000000000
151.75000000000000
152.25000000000000
152.25000000000000
152.25000000000000
152.25000000000000
150.25000000000000
150.25000000000000
148.50000000000000
148.50000000000000
148.25000000000000
147.00000000000000
147.00000000000000
147.00000000000000
146.50000000000000
146.50000000000000
146.00000000000000
146.00000000000000
145.25000000000000
145.25000000000000
144.75000000000000
144.25000000000000
144.25000000000000
143.75000000000000
143.75000000000000
143.75000000000000
144.25000000000000
144.25000000000000
143.75000000000000
143.75000000000000
143.50000000000000
143.50000000000000
143.00000000000000
143.25000000000000
143.25000000000000
143.75000000000000
143.75000000000000
144.50000000000000
145.25000000000000
145.25000000000000
145.00000000000000
145.00000000000000
145.00000000000000
146.00000000000000
146.00000000000000
146.00000000000000
146.00000000000000
146.00000000000000
146.00000000000000
146.25000000000000
146.25000000000000
146.00000000000000
146.00000000000000
147.00000000000000
147.00000000000000
148.25000000000000
148.25000000000000
149.75000000000000
149.75000000000000
149.75000000000000
149.75000000000000
148.25000000000000
148.25000000000000
147.75000000000000
147.75000000000000
148.25000000000000
148.25000000000000
148.75000000000000
148.75000000000000
148.75000000000000
148.75000000000000
147.00000000000000
146.25000000000000
146.25000000000000
146.25000000000000
146.00000000000000
146.00000000000000
146.00000000000000
145.25000000000000
148.00000000000000
148.00000000000000
149.00000000000000
149.00000000000000
148.25000000000000
148.25000000000000
149.50000000000000
149.50000000000000
149.75000000000000
149.75000000000000
149.75000000000000
149.75000000000000
149.75000000000000
149.00000000000000
148.00000000000000
148.00000000000000
149.50000000000000
149.50000000000000
147.75000000000000
147.25000000000000
147.25000000000000
146.25000000000000
146.25000000000000
145.50000000000000
145.50000000000000
145.50000000000000
145.25000000000000
145.25000000000000
145.25000000000000
142.25000000000000
142.25000000000000
141.25000000000000
141.25000000000000
140.00000000000000
138.50000000000000
138.50000000000000
138.00000000000000
138.00000000000000
138.00000000000000
138.75000000000000
138.75000000000000
141.75000000000000
141.75000000000000
142.00000000000000
142.00000000000000
140.50000000000000
140.50000000000000
140.00000000000000
139.50000000000000
139.50000000000000
139.25000000000000
139.25000000000000
139.25000000000000
139.25000000000000
137.00000000000000
136.25000000000000
136.25000000000000
136.75000000000000
136.75000000000000
135.75000000000000
135.75000000000000
135.50000000000000
135.50000000000000
133.75000000000000
133.50000000000000
133.50000000000000
135.25000000000000
135.25000000000000
135.50000000000000
135.50000000000000
134.25000000000000
134.25000000000000
133.75000000000000
133.75000000000000
133.75000000000000
136.75000000000000
136.75000000000000
137.25000000000000
137.50000000000000
137.50000000000000
138.00000000000000
138.00000000000000
138.00000000000000
138.00000000000000
138.25000000000000
138.25000000000000
138.25000000000000
138.25000000000000
138.50000000000000
138.50000000000000
138.75000000000000
138.75000000000000
138.25000000000000
138.25000000000000
138.25000000000000
139.25000000000000
139.25000000000000
139.50000000000000
139.50000000000000
140.50000000000000
142.00000000000000
142.00000000000000
144.25000000000000
144.25000000000000
145.00000000000000
145.00000000000000
145.00000000000000
144.75000000000000
144.75000000000000
144.75000000000000
145.50000000000000
145.50000000000000
146.25000000000000
146.25000000000000
146.50000000000000
146.50000000000000
146.50000000000000
146.75000000000000
146.75000000000000
147.25000000000000
147.25000000000000
147.25000000000000
147.25000000000000
147.25000000000000
147.25000000000000
148.25000000000000
148.50000000000000
148.50000000000000
148.00000000000000
148.00000000000000
147.50000000000000
147.50000000000000
148.00000000000000
148.00000000000000
148.25000000000000
148.25000000000000
148.25000000000000
148.25000000000000
148.50000000000000
149.00000000000000
149.00000000000000
149.50000000000000
149.50000000000000
149.25000000000000
149.25000000000000
149.25000000000000
148.75000000000000
148.75000000000000
148.75000000000000
150.00000000000000
150.00000000000000
150.50000000000000
150.00000000000000
150.00000000000000
150.00000000000000
150.00000000000000
150.25000000000000
150.25000000000000
151.25000000000000
151.25000000000000
151.50000000000000
151.50000000000000
151.75000000000000
151.75000000000000
151.75000000000000
152.00000000000000
152.00000000000000
152.00000000000000
152.75000000000000
152.75000000000000
152.75000000000000
153.25000000000000
153.25000000000000
153.00000000000000
152.50000000000000
152.50000000000000
152.75000000000000
152.75000000000000
152.75000000000000
153.50000000000000
153.75000000000000
153.75000000000000
153.50000000000000
153.50000000000000
153.50000000000000
152.75000000000000
152.75000000000000
152.25000000000000
152.25000000000000
152.75000000000000
152.75000000000000
152.75000000000000
152.25000000000000
152.25000000000000
152.25000000000000
152.25000000000000
153.00000000000000
153.00000000000000
153.00000000000000
153.50000000000000
153.50000000000000
154.25000000000000
154.25000000000000
154.00000000000000
154.00000000000000
152.25000000000000
152.25000000000000
151.50000000000000
151.50000000000000
151.50000000000000
152.25000000000000
152.25000000000000
151.25000000000000
151.00000000000000
151.00000000000000
151.00000000000000
151.00000000000000
151.50000000000000
152.75000000000000
152.75000000000000
154.25000000000000
154.25000000000000
154.25000000000000
154.25000000000000
154.25000000000000
154.25000000000000
154.25000000000000
155.25000000000000
156.00000000000000
156.00000000000000
156.00000000000000
154.75000000000000
155.25000000000000
155.25000000000000
155.75000000000000
156.00000000000000
156.00000000000000
156.00000000000000
156.00000000000000
156.00000000000000
157.75000000000000
157.75000000000000
157.75000000000000
158.00000000000000
158.00000000000000
155.25000000000000
155.25000000000000
156.00000000000000
156.00000000000000
156.50000000000000
156.50000000000000
157.50000000000000
157.75000000000000
157.75000000000000
157.75000000000000
158.00000000000000
158.00000000000000
156.75000000000000
158.50000000000000
158.50000000000000
158.50000000000000
157.25000000000000
157.75000000000000
157.75000000000000
157.75000000000000
157.75000000000000
157.25000000000000
157.25000000000000
157.25000000000000
157.25000000000000
157.25000000000000
157.25000000000000
156.25000000000000
156.25000000000000
156.25000000000000
155.25000000000000
155.25000000000000
155.25000000000000
154.25000000000000
155.50000000000000
155.50000000000000
154.00000000000000
154.00000000000000
153.75000000000000
153.75000000000000
153.75000000000000
153.75000000000000
154.00000000000000
154.50000000000000
154.50000000000000
154.75000000000000
154.75000000000000
155.00000000000000
155.00000000000000
155.00000000000000
155.00000000000000
155.00000000000000
155.25000000000000
155.25000000000000
155.25000000000000
155.75000000000000
155.75000000000000
155.75000000000000
155.50000000000000
155.50000000000000
154.00000000000000
154.00000000000000
154.00000000000000
153.75000000000000
153.75000000000000
154.75000000000000
154.75000000000000
154.00000000000000
154.00000000000000
154.50000000000000
154.75000000000000
154.75000000000000
154.75000000000000
154.50000000000000
154.50000000000000
154.50000000000000
156.00000000000000
156.00000000000000
155.75000000000000
155.50000000000000
155.50000000000000
154.50000000000000
154.50000000000000
154.50000000000000
154.50000000000000
155.00000000000000
155.00000000000000
155.50000000000000
155.50000000000000
153.00000000000000
153.00000000000000
153.00000000000000
153.00000000000000
153.00000000000000
153.00000000000000
153.25000000000000
153.25000000000000
153.75000000000000
153.75000000000000
153.75000000000000
153.75000000000000
153.75000000000000
153.25000000000000
153.25000000000000
152.50000000000000
152.50000000000000
152.75000000000000
152.75000000000000
152.25000000000000
152.25000000000000
152.25000000000000
152.00000000000000
152.00000000000000
152.00000000000000
151.50000000000000
151.50000000000000
151.50000000000000
152.50000000000000
152.50000000000000
152.25000000000000
152.25000000000000
152.25000000000000
152.25000000000000
152.25000000000000
153.00000000000000
153.00000000000000
153.00000000000000
153.00000000000000
153.00000000000000
153.75000000000000
153.75000000000000
153.75000000000000
153.75000000000000
155.00000000000000
155.00000000000000
155.50000000000000
155.50000000000000
155.50000000000000
155.50000000000000
155.50000000000000
155.50000000000000
155.50000000000000
154.00000000000000
154.00000000000000
154.00000000000000
153.50000000000000
153.50000000000000
151.50000000000000
150.25000000000000
150.25000000000000
150.00000000000000
150.00000000000000
150.00000000000000
150.50000000000000
150.50000000000000
151.00000000000000
151.00000000000000
151.00000000000000
151.25000000000000
151.25000000000000
149.75000000000000
149.75000000000000
150.75000000000000
150.75000000000000
150.25000000000000
149.75000000000000
149.75000000000000
149.75000000000000
149.75000000000000
149.25000000000000
149.25000000000000
149.25000000000000
149.25000000000000
149.50000000000000
149.50000000000000
150.25000000000000
150.25000000000000
151.50000000000000
153.25000000000000
153.25000000000000
154.00000000000000
154.00000000000000
154.75000000000000
154.75000000000000
156.00000000000000
156.00000000000000
156.50000000000000
156.50000000000000
155.50000000000000
155.50000000000000
155.00000000000000
155.00000000000000
155.00000000000000
155.00000000000000
156.25000000000000
156.25000000000000
157.25000000000000
157.25000000000000
156.00000000000000
156.00000000000000
156.25000000000000
156.00000000000000
156.00000000000000
156.25000000000000
156.25000000000000
155.00000000000000
155.00000000000000
155.00000000000000
154.00000000000000
154.75000000000000
154.75000000000000
154.75000000000000
153.50000000000000
153.00000000000000
153.00000000000000
154.25000000000000
154.25000000000000
154.25000000000000
155.25000000000000
155.25000000000000
155.25000000000000
155.00000000000000
155.00000000000000
155.00000000000000
154.50000000000000
154.50000000000000
154.25000000000000
154.25000000000000
154.50000000000000
154.50000000000000
155.50000000000000
155.50000000000000
155.75000000000000
155.75000000000000
155.75000000000000
155.75000000000000
155.00000000000000
155.00000000000000
154.25000000000000
154.25000000000000
154.25000000000000
154.25000000000000
155.25000000000000
155.25000000000000
155.25000000000000
155.25000000000000
153.75000000000000
153.75000000000000
153.75000000000000
153.00000000000000
153.00000000000000
153.00000000000000
152.00000000000000
151.75000000000000
151.75000000000000
151.75000000000000
156.00000000000000
155.00000000000000
155.00000000000000
155.00000000000000
152.50000000000000
152.25000000000000
152.25000000000000
152.25000000000000
152.25000000000000
154.00000000000000
154.00000000000000
154.25000000000000
152.50000000000000
152.50000000000000
151.50000000000000
151.50000000000000
152.00000000000000
152.00000000000000
152.75000000000000
152.75000000000000
153.00000000000000
153.00000000000000
153.00000000000000
153.00000000000000
153.00000000000000
152.50000000000000
152.50000000000000
152.50000000000000
152.50000000000000
152.50000000000000
152.50000000000000
152.50000000000000
152.50000000000000
152.50000000000000
152.50000000000000
152.50000000000000
155.25000000000000
154.75000000000000
154.75000000000000
153.75000000000000
153.75000000000000
153.75000000000000
153.75000000000000
153.75000000000000
154.50000000000000
154.75000000000000
154.75000000000000
155.25000000000000
155.25000000000000
155.25000000000000
155.25000000000000
154.50000000000000
154.50000000000000
154.50000000000000
154.50000000000000
154.75000000000000
154.75000000000000
154.75000000000000
155.25000000000000
155.25000000000000
155.25000000000000
154.00000000000000
153.25000000000000
153.25000000000000
152.25000000000000
152.25000000000000
152.25000000000000
152.25000000000000
152.25000000000000
151.50000000000000
151.50000000000000
151.75000000000000
151.75000000000000
151.00000000000000
151.00000000000000
151.25000000000000
151.25000000000000
151.25000000000000
151.25000000000000
151.25000000000000
151.25000000000000
151.25000000000000
150.75000000000000
150.75000000000000
148.25000000000000
148.25000000000000
147.75000000000000
147.00000000000000
147.00000000000000
147.00000000000000
144.75000000000000
144.75000000000000
144.75000000000000
144.75000000000000
144.75000000000000
144.75000000000000
144.25000000000000
144.25000000000000
143.25000000000000
143.25000000000000
141.75000000000000
140.50000000000000
140.50000000000000
138.75000000000000
138.75000000000000
137.25000000000000
137.25000000000000
137.00000000000000
137.00000000000000
137.00000000000000
136.50000000000000
136.50000000000000
136.50000000000000
136.50000000000000
136.50000000000000
138.75000000000000
138.75000000000000
139.75000000000000
139.75000000000000
140.75000000000000
139.50000000000000
139.50000000000000
138.25000000000000
138.25000000000000
130.75000000000000
126.75000000000000
126.75000000000000
125.00000000000000
125.00000000000000
125.00000000000000
124.25000000000000
124.25000000000000
124.25000000000000
124.25000000000000
124.25000000000000
115.00000000000000
115.00000000000000
112.75000000000000
112.75000000000000
113.00000000000000
113.00000000000000
113.00000000000000
113.00000000000000
113.00000000000000
113.00000000000000
113.00000000000000
113.00000000000000
113.00000000000000
113.00000000000000
113.00000000000000
113.00000000000000
120.25000000000000
121.75000000000000
121.75000000000000
121.75000000000000
122.25000000000000
122.25000000000000
122.50000000000000
122.50000000000000
122.50000000000000
122.50000000000000
119.25000000000000
118.25000000000000
118.25000000000000
118.25000000000000
118.00000000000000
118.00000000000000
118.00000000000000
118.00000000000000
118.00000000000000
118.00000000000000
137.75000000000000
137.75000000000000
137.75000000000000
144.00000000000000
144.25000000000000
144.25000000000000
145.50000000000000
145.50000000000000
145.50000000000000
145.75000000000000
145.75000000000000
145.75000000000000
148.50000000000000
148.50000000000000
145.75000000000000
145.75000000000000
146.50000000000000
146.50000000000000
146.50000000000000
146.50000000000000
147.00000000000000
147.00000000000000
146.50000000000000
146.50000000000000
146.75000000000000
146.75000000000000
147.00000000000000
147.00000000000000
147.00000000000000
145.75000000000000
145.25000000000000
145.25000000000000
145.75000000000000
146.25000000000000
146.25000000000000
146.25000000000000
146.25000000000000
147.00000000000000
147.00000000000000
148.25000000000000
148.25000000000000
148.75000000000000
148.75000000000000
148.75000000000000
148.75000000000000
149.00000000000000
149.00000000000000
149.00000000000000
149.00000000000000
147.75000000000000
147.75000000000000
147.75000000000000
151.25000000000000
151.25000000000000
148.75000000000000
148.75000000000000
148.50000000000000
148.50000000000000
148.50000000000000
148.50000000000000
148.25000000000000
149.50000000000000
149.50000000000000
149.75000000000000
149.75000000000000
149.75000000000000
149.75000000000000
150.00000000000000
150.00000000000000
150.00000000000000
151.00000000000000
151.00000000000000
151.50000000000000
151.50000000000000
153.00000000000000
153.00000000000000
153.25000000000000
152.50000000000000
152.50000000000000
152.00000000000000
152.25000000000000
152.25000000000000
152.75000000000000
152.75000000000000
152.75000000000000
149.25000000000000
150.25000000000000
150.25000000000000
150.25000000000000
151.00000000000000
150.75000000000000
150.75000000000000
150.75000000000000
148.00000000000000
149.50000000000000
149.50000000000000
149.75000000000000
149.75000000000000
149.75000000000000
152.25000000000000
152.25000000000000
151.75000000000000
151.25000000000000
151.25000000000000
151.75000000000000
151.75000000000000
152.00000000000000
152.00000000000000
151.25000000000000
151.25000000000000
151.75000000000000
151.75000000000000
152.75000000000000
152.75000000000000
152.75000000000000
150.25000000000000
150.25000000000000
149.25000000000000
149.50000000000000
149.50000000000000
148.75000000000000
148.75000000000000
148.50000000000000
148.50000000000000
152.25000000000000
152.25000000000000
150.25000000000000
150.25000000000000
148.00000000000000
148.00000000000000
148.50000000000000
148.50000000000000
149.00000000000000
149.00000000000000
149.00000000000000
149.50000000000000
149.50000000000000
149.75000000000000
149.75000000000000
149.00000000000000
149.00000000000000
149.00000000000000
149.00000000000000
148.25000000000000
148.75000000000000
148.75000000000000
150.00000000000000
150.75000000000000
150.75000000000000
150.75000000000000
150.75000000000000
150.00000000000000
150.00000000000000
150.00000000000000
151.25000000000000
150.75000000000000
150.75000000000000
151.75000000000000
153.25000000000000
153.25000000000000
153.00000000000000
152.75000000000000
152.75000000000000
152.75000000000000
152.75000000000000
152.75000000000000
152.75000000000000
152.75000000000000
152.75000000000000
152.75000000000000
154.50000000000000
154.50000000000000
153.25000000000000
153.25000000000000
152.75000000000000
152.75000000000000
153.50000000000000
153.75000000000000
155.25000000000000
155.25000000000000
155.25000000000000
156.25000000000000
156.25000000000000
155.25000000000000
155.25000000000000
155.00000000000000
155.00000000000000
155.00000000000000
155.00000000000000
155.00000000000000
154.50000000000000
154.50000000000000
154.50000000000000
154.50000000000000
155.00000000000000
155.00000000000000
156.25000000000000
156.25000000000000
156.25000000000000
156.00000000000000
156.00000000000000
156.00000000000000
155.75000000000000
155.25000000000000
155.25000000000000
155.00000000000000
155.00000000000000
154.75000000000000
154.75000000000000
154.75000000000000
153.50000000000000
153.50000000000000
153.25000000000000
153.25000000000000
153.25000000000000
153.25000000000000
153.25000000000000
153.50000000000000
153.50000000000000
153.75000000000000
153.25000000000000
153.25000000000000
153.25000000000000
153.25000000000000
153.25000000000000
153.25000000000000
153.25000000000000
155.25000000000000
155.00000000000000
155.00000000000000
155.00000000000000
155.00000000000000
154.25000000000000
154.25000000000000
154.75000000000000
154.75000000000000
154.75000000000000
156.50000000000000
156.50000000000000
156.50000000000000
156.50000000000000
157.25000000000000
157.25000000000000
157.25000000000000
157.25000000000000
157.25000000000000
157.25000000000000
157.25000000000000
157.00000000000000
157.00000000000000
156.75000000000000
156.75000000000000
155.75000000000000
155.75000000000000
154.25000000000000
154.25000000000000
154.00000000000000
154.00000000000000
154.00000000000000
157.25000000000000
157.25000000000000
156.25000000000000
155.00000000000000
155.00000000000000
154.00000000000000
154.00000000000000
155.00000000000000
155.00000000000000
153.75000000000000
153.75000000000000
153.25000000000000
153.25000000000000
154.00000000000000
154.00000000000000
154.00000000000000
154.00000000000000
155.00000000000000
155.00000000000000
154.75000000000000
154.75000000000000
154.75000000000000
154.75000000000000
154.75000000000000
154.25000000000000
153.50000000000000
153.50000000000000
153.75000000000000
153.75000000000000
147.00000000000000
147.00000000000000
144.25000000000000
144.25000000000000
151.25000000000000
151.25000000000000
153.25000000000000
154.00000000000000
154.00000000000000
154.75000000000000
154.75000000000000
154.75000000000000
155.50000000000000
155.50000000000000
156.00000000000000
156.00000000000000
157.00000000000000
157.00000000000000
157.00000000000000
157.00000000000000
157.50000000000000
157.50000000000000
157.00000000000000
157.00000000000000
157.00000000000000
157.00000000000000
158.50000000000000
157.75000000000000
157.75000000000000
157.25000000000000
157.25000000000000
157.25000000000000
158.25000000000000
158.25000000000000
157.75000000000000
157.75000000000000
157.75000000000000
157.75000000000000
157.75000000000000
158.25000000000000
158.25000000000000
158.25000000000000
158.75000000000000
158.75000000000000
159.25000000000000
159.25000000000000
159.25000000000000
159.25000000000000
160.00000000000000
160.00000000000000
159.50000000000000
160.50000000000000
160.50000000000000
161.00000000000000
161.50000000000000
161.50000000000000
160.25000000000000
159.75000000000000
159.75000000000000
159.75000000000000
158.00000000000000
158.00000000000000
158.00000000000000
158.00000000000000
158.00000000000000
158.50000000000000
158.50000000000000
159.00000000000000
159.00000000000000
158.50000000000000
159.25000000000000
159.25000000000000
159.25000000000000
159.25000000000000
159.75000000000000
159.75000000000000
159.00000000000000
159.00000000000000
159.00000000000000
159.00000000000000
159.75000000000000
159.75000000000000
160.00000000000000
160.00000000000000
160.00000000000000
160.00000000000000
160.00000000000000
159.50000000000000
159.50000000000000
159.50000000000000
160.50000000000000
160.50000000000000
160.50000000000000
160.50000000000000
160.00000000000000
160.00000000000000
158.50000000000000
161.00000000000000
161.00000000000000
162.00000000000000
162.00000000000000
161.00000000000000
161.00000000000000
162.50000000000000
162.50000000000000
162.50000000000000
161.25000000000000
161.25000000000000
160.75000000000000
160.75000000000000
161.25000000000000
163.25000000000000
163.25000000000000
162.25000000000000
162.75000000000000
162.75000000000000
164.50000000000000
164.50000000000000
164.50000000000000
165.50000000000000
165.50000000000000
165.75000000000000
165.75000000000000
165.75000000000000
165.75000000000000
165.75000000000000
165.75000000000000
165.75000000000000
165.61029411764707
165.47058823529412
165.33088235294119
165.19117647058823
165.05147058823530
164.91176470588235
164.77205882352942
164.63235294117646
164.49264705882354
164.35294117647058
164.21323529411765
164.07352941176470
163.93382352941177
163.79411764705881
163.65441176470588
163.51470588235293
163.37500000000000
163.23529411764707
163.09558823529412
162.95588235294119
162.81617647058823
162.67647058823530
162.53676470588235
162.39705882352942
162.25735294117646
162.11764705882354
161.97794117647058
161.83823529411765
161.69852941176470
161.55882352941177
161.41911764705881
161.27941176470588
161.13970588235293
161.00000000000000
161.00000000000000
161.25000000000000
161.25000000000000
160.00000000000000
159.25000000000000
159.25000000000000
159.25000000000000
159.00000000000000
159.00000000000000
160.00000000000000
160.25000000000000
160.25000000000000
160.25000000000000
155.50000000000000
155.50000000000000
158.50000000000000
160.00000000000000
160.00000000000000
160.50000000000000
160.50000000000000
161.50000000000000
161.50000000000000
161.50000000000000
161.50000000000000
160.50000000000000
159.75000000000000
159.75000000000000
160.50000000000000
160.50000000000000
159.00000000000000
159.00000000000000
158.75000000000000
156.25000000000000
156.25000000000000
156.25000000000000
155.50000000000000
155.50000000000000
157.75000000000000
157.75000000000000
157.75000000000000
158.50000000000000
158.50000000000000
157.75000000000000
157.50000000000000
157.50000000000000
158.25000000000000
158.50000000000000
158.50000000000000
159.00000000000000
159.00000000000000
160.50000000000000
161.00000000000000
161.00000000000000
161.00000000000000
158.75000000000000
158.75000000000000
158.25000000000000
158.25000000000000
160.50000000000000
160.50000000000000
160.50000000000000
159.25000000000000
159.25000000000000
156.75000000000000
158.75000000000000
158.75000000000000
158.50000000000000
158.50000000000000
158.75000000000000
158.00000000000000
158.00000000000000
158.75000000000000
158.75000000000000
160.50000000000000
160.50000000000000
159.75000000000000
159.75000000000000
159.75000000000000
159.50000000000000
159.50000000000000
158.75000000000000
158.75000000000000
159.50000000000000
159.50000000000000
159.50000000000000
157.50000000000000
157.50000000000000
158.75000000000000
158.50000000000000
158.50000000000000
157.75000000000000
157.75000000000000
157.75000000000000
158.00000000000000
158.00000000000000
158.75000000000000
158.75000000000000
158.75000000000000
161.00000000000000
160.00000000000000
160.00000000000000
161.50000000000000
161.50000000000000
161.50000000000000
161.00000000000000
161.75000000000000
161.75000000000000
161.75000000000000
161.75000000000000
162.00000000000000
162.00000000000000
160.50000000000000
160.50000000000000
159.25000000000000
159.75000000000000
159.75000000000000
159.75000000000000
160.00000000000000
160.00000000000000
159.50000000000000
159.50000000000000
160.75000000000000
160.75000000000000
160.25000000000000
160.25000000000000
160.25000000000000
160.50000000000000
161.00000000000000
161.00000000000000
160.50000000000000
160.50000000000000
159.50000000000000
159.50000000000000
159.50000000000000
159.50000000000000
159.50000000000000
159.50000000000000
159.50000000000000
160.25000000000000
160.25000000000000
160.00000000000000
160.00000000000000
158.50000000000000
158.50000000000000
158.50000000000000
158.50000000000000
159.75000000000000
159.75000000000000
158.50000000000000
158.50000000000000
158.25000000000000
158.25000000000000
161.00000000000000
161.00000000000000
160.75000000000000
160.75000000000000
160.75000000000000
160.75000000000000
160.75000000000000
160.75000000000000
159.75000000000000
159.75000000000000
160.25000000000000
160.25000000000000
160.00000000000000
160.00000000000000
161.50000000000000
161.50000000000000
160.25000000000000
160.00000000000000
160.00000000000000
160.00000000000000
160.25000000000000
160.25000000000000
159.50000000000000
159.50000000000000
159.50000000000000
159.50000000000000
159.50000000000000
160.00000000000000
160.00000000000000
159.75000000000000
159.75000000000000
159.75000000000000
158.25000000000000
158.25000000000000
158.75000000000000
158.75000000000000
157.50000000000000
157.50000000000000
157.50000000000000
157.50000000000000
157.50000000000000
157.50000000000000
157.50000000000000
157.50000000000000
157.50000000000000
154.75000000000000
154.75000000000000
154.75000000000000
154.00000000000000
154.50000000000000
154.50000000000000
154.50000000000000
154.50000000000000
154.50000000000000
154.75000000000000
154.75000000000000
154.75000000000000
154.75000000000000
154.25000000000000
154.00000000000000
154.00000000000000
153.25000000000000
153.25000000000000
151.25000000000000
150.50000000000000
150.50000000000000
149.25000000000000
149.25000000000000
149.25000000000000
149.25000000000000
149.25000000000000
149.25000000000000
149.25000000000000
149.25000000000000
149.25000000000000
143.75000000000000
143.75000000000000
144.00000000000000
144.00000000000000
143.50000000000000
143.50000000000000
143.75000000000000
143.75000000000000
143.75000000000000
143.75000000000000
143.75000000000000
140.50000000000000
140.50000000000000
140.25000000000000
140.25000000000000
141.00000000000000
141.00000000000000
141.50000000000000
141.50000000000000
141.00000000000000
141.00000000000000
141.00000000000000
141.25000000000000
141.25000000000000
142.25000000000000
142.25000000000000
142.25000000000000
141.50000000000000
141.50000000000000
141.75000000000000
141.75000000000000
141.50000000000000
141.50000000000000
141.50000000000000
142.25000000000000
142.25000000000000
142.25000000000000
142.25000000000000
142.25000000000000
142.75000000000000
143.00000000000000
143.00000000000000
146.25000000000000
146.25000000000000
147.50000000000000
147.50000000000000
146.25000000000000
146.25000000000000
148.25000000000000
148.25000000000000
148.50000000000000
148.50000000000000
147.75000000000000
147.75000000000000
147.75000000000000
147.25000000000000
147.25000000000000
149.50000000000000
149.50000000000000
150.75000000000000
150.75000000000000
151.25000000000000
151.25000000000000
150.25000000000000
150.25000000000000
151.00000000000000
151.00000000000000
151.25000000000000
151.25000000000000
151.25000000000000
151.25000000000000
150.75000000000000
150.75000000000000
150.75000000000000
149.75000000000000
149.75000000000000
150.25000000000000
153.25000000000000
153.25000000000000
154.00000000000000
152.25000000000000
152.25000000000000
151.50000000000000
151.50000000000000
151.50000000000000
150.50000000000000
150.50000000000000
150.00000000000000
150.00000000000000
150.00000000000000
150.75000000000000
150.75000000000000
150.75000000000000
151.25000000000000
151.25000000000000
151.75000000000000
151.50000000000000
151.50000000000000
151.50000000000000
152.00000000000000
152.00000000000000
152.00000000000000
151.00000000000000
151.00000000000000
151.75000000000000
151.75000000000000
153.50000000000000
153.50000000000000
154.50000000000000
154.50000000000000
154.50000000000000
154.00000000000000
154.00000000000000
154.25000000000000
154.25000000000000
153.75000000000000
153.75000000000000
152.50000000000000
152.50000000000000
155.50000000000000
155.50000000000000
158.25000000000000
158.25000000000000
155.75000000000000
155.75000000000000
155.00000000000000
154.50000000000000
154.50000000000000
154.50000000000000
154.50000000000000
154.75000000000000
154.75000000000000
155.25000000000000
155.25000000000000
155.25000000000000
156.00000000000000
156.00000000000000
155.75000000000000
155.75000000000000
155.50000000000000
155.50000000000000
155.00000000000000
155.00000000000000
155.50000000000000
155.50000000000000
156.25000000000000
156.50000000000000
156.50000000000000
156.25000000000000
156.25000000000000
156.25000000000000
156.25000000000000
156.50000000000000
156.50000000000000
157.25000000000000
157.25000000000000
157.25000000000000
156.75000000000000
156.75000000000000
156.25000000000000
156.25000000000000
155.75000000000000
155.75000000000000
156.25000000000000
156.25000000000000
156.25000000000000
156.25000000000000
156.25000000000000
156.25000000000000
155.50000000000000
155.50000000000000
157.75000000000000
157.25000000000000
157.25000000000000
156.50000000000000
156.50000000000000
156.00000000000000
156.00000000000000
156.75000000000000
156.75000000000000
158.75000000000000
158.75000000000000
159.25000000000000
159.25000000000000
159.25000000000000
158.25000000000000
158.25000000000000
155.00000000000000
155.00000000000000
157.25000000000000
158.25000000000000
158.25000000000000
158.25000000000000
161.50000000000000
161.50000000000000
160.75000000000000
160.75000000000000
160.00000000000000
160.00000000000000
160.00000000000000
158.75000000000000
158.75000000000000
156.25000000000000
156.25000000000000
157.75000000000000
158.25000000000000
158.25000000000000
158.50000000000000
158.50000000000000
159.00000000000000
159.25000000000000
159.25000000000000
159.25000000000000
163.75000000000000
163.75000000000000
164.25000000000000
164.25000000000000
161.75000000000000
161.75000000000000
161.75000000000000
160.00000000000000
160.00000000000000
161.00000000000000
161.00000000000000
161.50000000000000
161.75000000000000
161.75000000000000
162.75000000000000
162.75000000000000
161.50000000000000
161.50000000000000
163.50000000000000
163.50000000000000
162.50000000000000
162.50000000000000
162.25000000000000
162.25000000000000
163.75000000000000
163.75000000000000
165.75000000000000
165.75000000000000
166.00000000000000
166.00000000000000
166.00000000000000
166.00000000000000
165.75000000000000
165.75000000000000
166.75000000000000
166.75000000000000
165.75000000000000
165.75000000000000
165.25000000000000
165.25000000000000
164.00000000000000
164.00000000000000
167.50000000000000
167.50000000000000
169.00000000000000
169.00000000000000
164.50000000000000
164.50000000000000
165.50000000000000
165.50000000000000
165.75000000000000
165.75000000000000
165.75000000000000
165.75000000000000
166.50000000000000
167.00000000000000
167.00000000000000
166.00000000000000
166.00000000000000
165.00000000000000
165.00000000000000
165.00000000000000
165.00000000000000
166.75000000000000
166.75000000000000
167.25000000000000
167.25000000000000
166.00000000000000
166.00000000000000
164.75000000000000
164.75000000000000
164.75000000000000
164.75000000000000
163.50000000000000
163.50000000000000
164.25000000000000
164.25000000000000
164.50000000000000
164.50000000000000
164.50000000000000
164.50000000000000
164.25000000000000
164.25000000000000
164.25000000000000
164.25000000000000
164.25000000000000
164.25000000000000
164.25000000000000
166.50000000000000
166.50000000000000
165.00000000000000
164.50000000000000
164.50000000000000
165.00000000000000
165.00000000000000
164.75000000000000
164.75000000000000
165.00000000000000
165.00000000000000
166.25000000000000
166.25000000000000
166.00000000000000
165.25000000000000
165.25000000000000
163.25000000000000
163.25000000000000
163.75000000000000
163.75000000000000
165.75000000000000
165.75000000000000
165.25000000000000
165.25000000000000
166.00000000000000
166.00000000000000
165.00000000000000
165.00000000000000
165.50000000000000
165.25000000000000
165.25000000000000
166.50000000000000
166.50000000000000
166.00000000000000
166.00000000000000
166.75000000000000
166.75000000000000
165.50000000000000
165.50000000000000
164.75000000000000
164.75000000000000
165.00000000000000
165.00000000000000
168.00000000000000
168.00000000000000
167.25000000000000
167.25000000000000
166.25000000000000
165.75000000000000
165.75000000000000
165.75000000000000
165.50000000000000
165.50000000000000
165.25000000000000
165.25000000000000
165.25000000000000
165.25000000000000
165.50000000000000
165.50000000000000
165.25000000000000
165.25000000000000
165.25000000000000
165.25000000000000
165.25000000000000
165.00000000000000
165.00000000000000
164.75000000000000
165.00000000000000
165.00000000000000
165.00000000000000
165.00000000000000
165.75000000000000
165.75000000000000
166.00000000000000
166.00000000000000
165.50000000000000
165.50000000000000
164.75000000000000
164.75000000000000
164.75000000000000
164.75000000000000
164.75000000000000
164.75000000000000
165.50000000000000
165.50000000000000
165.75000000000000
165.50000000000000
165.50000000000000
166.00000000000000
166.00000000000000
165.75000000000000
165.75000000000000
165.75000000000000
166.00000000000000
167.25000000000000
167.25000000000000
168.00000000000000
168.00000000000000
168.00000000000000
169.25000000000000
169.50000000000000
169.50000000000000
174.00000000000000
174.00000000000000
171.00000000000000
171.00000000000000
171.00000000000000
170.00000000000000
169.75000000000000
169.75000000000000
168.50000000000000
168.50000000000000
168.25000000000000
168.25000000000000
167.50000000000000
167.50000000000000
167.50000000000000
167.75000000000000
167.75000000000000
167.75000000000000
170.25000000000000
170.25000000000000
167.00000000000000
167.00000000000000
166.00000000000000
166.00000000000000
166.50000000000000
166.50000000000000
166.75000000000000
166.75000000000000
167.00000000000000
167.00000000000000
167.25000000000000
167.25000000000000
167.25000000000000
167.25000000000000
167.50000000000000
167.50000000000000
167.50000000000000
166.25000000000000
166.25000000000000
166.25000000000000
167.50000000000000
165.50000000000000
165.50000000000000
163.75000000000000
163.25000000000000
163.25000000000000
163.25000000000000
161.50000000000000
161.25000000000000
161.25000000000000
161.25000000000000
162.75000000000000
162.75000000000000
163.00000000000000
163.75000000000000
163.75000000000000
163.75000000000000
163.75000000000000
163.75000000000000
165.00000000000000
165.50000000000000
165.50000000000000
164.00000000000000
164.00000000000000
163.25000000000000
163.25000000000000
164.25000000000000
164.25000000000000
164.75000000000000
164.75000000000000
164.00000000000000
164.00000000000000
165.25000000000000
165.25000000000000
164.25000000000000
164.25000000000000
163.75000000000000
163.75000000000000
163.75000000000000
163.75000000000000
163.75000000000000
163.75000000000000
163.75000000000000
163.75000000000000
164.00000000000000
164.00000000000000
164.50000000000000
164.50000000000000
163.75000000000000
163.75000000000000
165.00000000000000
164.75000000000000
164.75000000000000
164.25000000000000
164.25000000000000
165.75000000000000
165.75000000000000
166.25000000000000
166.50000000000000
166.50000000000000
166.50000000000000
166.00000000000000
166.25000000000000
166.25000000000000
166.25000000000000
165.00000000000000
165.00000000000000
166.75000000000000
166.25000000000000
166.25000000000000
166.25000000000000
165.00000000000000
165.00000000000000
166.25000000000000
166.25000000000000
166.25000000000000
166.75000000000000
166.75000000000000
163.50000000000000
163.50000000000000
163.50000000000000
164.50000000000000
164.50000000000000
163.75000000000000
163.75000000000000
163.25000000000000
163.25000000000000
163.75000000000000
163.75000000000000
163.25000000000000
163.25000000000000
163.25000000000000
163.25000000000000
163.25000000000000
162.75000000000000
162.25000000000000
162.25000000000000
162.00000000000000
162.00000000000000
162.25000000000000
162.25000000000000
162.25000000000000
162.00000000000000
161.25000000000000
161.25000000000000
161.50000000000000
161.50000000000000
160.75000000000000
160.75000000000000
159.25000000000000
159.25000000000000
159.25000000000000
159.25000000000000
157.75000000000000
156.75000000000000
156.75000000000000
156.25000000000000
156.00000000000000
156.00000000000000
155.50000000000000
155.50000000000000
155.50000000000000
154.25000000000000
153.50000000000000
153.50000000000000
153.00000000000000
153.00000000000000
153.00000000000000
152.25000000000000
152.25000000000000
151.50000000000000
151.50000000000000
150.00000000000000
149.00000000000000
149.00000000000000
148.25000000000000
148.25000000000000
147.75000000000000
149.25000000000000
149.25000000000000
149.25000000000000
148.50000000000000
148.50000000000000
148.50000000000000
146.50000000000000
146.50000000000000
145.50000000000000
145.50000000000000
147.00000000000000
148.00000000000000
148.00000000000000
149.25000000000000
149.25000000000000
150.50000000000000
151.25000000000000
151.25000000000000
152.25000000000000
153.25000000000000
153.25000000000000
153.50000000000000
153.75000000000000
153.75000000000000
153.75000000000000
153.75000000000000
153.75000000000000
153.75000000000000
153.75000000000000
153.75000000000000
153.75000000000000
154.19999999999999
154.65000000000001
155.09999999999999
155.55000000000001
156.00000000000000
156.25000000000000
156.25000000000000
156.25000000000000
156.75000000000000
156.75000000000000
157.25000000000000
157.75000000000000
157.75000000000000
158.25000000000000
158.25000000000000
160.25000000000000
160.25000000000000
160.50000000000000
160.50000000000000
160.50000000000000
160.75000000000000
160.75000000000000
161.00000000000000
161.00000000000000
161.00000000000000
161.00000000000000
161.00000000000000
161.00000000000000
161.00000000000000
161.50000000000000
161.50000000000000
162.25000000000000
162.25000000000000
163.00000000000000
163.00000000000000
163.75000000000000
163.75000000000000
162.25000000000000
162.25000000000000
161.50000000000000
161.50000000000000
162.50000000000000
162.50000000000000
164.25000000000000
164.25000000000000
164.75000000000000
164.75000000000000
164.75000000000000
164.75000000000000
164.75000000000000
164.75000000000000
163.75000000000000
163.75000000000000
164.25000000000000
164.25000000000000
164.25000000000000
164.50000000000000
164.50000000000000
163.75000000000000
163.75000000000000
163.75000000000000
164.25000000000000
164.25000000000000
164.50000000000000
164.50000000000000
164.50000000000000
164.50000000000000
164.50000000000000
164.50000000000000
164.50000000000000
164.50000000000000
164.50000000000000
164.50000000000000
164.50000000000000
164.50000000000000
163.25000000000000
162.00000000000000
160.75000000000000
159.50000000000000
159.50000000000000
157.75000000000000
157.75000000000000
156.75000000000000
156.75000000000000
156.75000000000000
160.00000000000000
160.00000000000000
158.75000000000000
158.75000000000000
158.75000000000000
157.75000000000000
157.75000000000000
157.75000000000000
157.50000000000000
156.50000000000000
156.50000000000000
156.75000000000000
156.75000000000000
157.50000000000000
157.50000000000000
156.00000000000000
156.00000000000000
158.25000000000000
158.25000000000000
158.25000000000000
158.25000000000000
158.75000000000000
158.75000000000000
159.00000000000000
159.00000000000000
161.50000000000000
161.50000000000000
161.50000000000000
167.25000000000000
162.75000000000000
162.75000000000000
162.75000000000000
159.75000000000000
159.25000000000000
159.25000000000000
159.75000000000000
160.00000000000000
160.00000000000000
161.50000000000000
161.50000000000000
161.25000000000000
161.25000000000000
161.25000000000000
159.50000000000000
159.50000000000000
158.75000000000000
158.75000000000000
160.00000000000000
161.00000000000000
161.00000000000000
161.00000000000000
160.25000000000000
160.25000000000000
160.50000000000000
160.25000000000000
160.25000000000000
159.25000000000000
159.25000000000000
158.25000000000000
157.25000000000000
157.25000000000000
157.25000000000000
159.00000000000000
159.00000000000000
158.75000000000000
158.75000000000000
158.25000000000000
158.25000000000000
159.00000000000000
159.00000000000000
159.25000000000000
159.75000000000000
160.50000000000000
160.50000000000000
160.50000000000000
160.25000000000000
160.25000000000000
161.00000000000000
161.00000000000000
161.50000000000000
161.50000000000000
161.25000000000000
161.25000000000000
161.00000000000000
161.00000000000000
161.00000000000000
163.25000000000000
163.25000000000000
163.25000000000000
163.25000000000000
162.50000000000000
162.50000000000000
164.00000000000000
163.25000000000000
163.25000000000000
162.50000000000000
162.50000000000000
161.25000000000000
161.25000000000000
161.25000000000000
160.50000000000000
160.50000000000000
162.00000000000000
162.00000000000000
162.25000000000000
162.25000000000000
162.25000000000000
155.75000000000000
156.00000000000000
156.00000000000000
156.00000000000000
157.25000000000000
157.25000000000000
155.00000000000000
155.00000000000000
155.75000000000000
155.75000000000000
156.50000000000000
156.50000000000000
156.50000000000000
156.50000000000000
156.50000000000000
155.75000000000000
155.75000000000000
155.75000000000000
156.00000000000000
156.00000000000000
156.00000000000000
156.25000000000000
156.25000000000000
156.50000000000000
156.75000000000000
156.75000000000000
157.25000000000000
158.00000000000000
158.00000000000000
158.00000000000000
158.75000000000000
158.75000000000000
159.75000000000000
159.50000000000000
159.50000000000000
159.50000000000000
159.50000000000000
159.50000000000000
159.50000000000000
159.50000000000000
160.00000000000000
160.00000000000000
160.00000000000000
161.00000000000000
161.00000000000000
161.50000000000000
161.50000000000000
161.50000000000000
160.00000000000000
160.00000000000000
160.75000000000000
160.50000000000000
160.50000000000000
159.75000000000000
159.25000000000000
159.25000000000000
159.25000000000000
159.25000000000000
159.25000000000000
159.25000000000000
158.50000000000000
158.50000000000000
157.75000000000000
157.25000000000000
157.25000000000000
157.50000000000000
157.50000000000000
157.50000000000000
157.50000000000000
157.50000000000000
157.25000000000000
157.25000000000000
157.75000000000000
157.75000000000000
157.75000000000000
157.75000000000000
157.50000000000000
157.50000000000000
157.50000000000000
157.25000000000000
158.00000000000000
158.00000000000000
158.00000000000000
158.75000000000000
158.75000000000000
158.00000000000000
158.25000000000000
158.50000000000000
158.50000000000000
157.25000000000000
157.25000000000000
156.75000000000000
157.25000000000000
157.25000000000000
158.00000000000000
160.00000000000000
160.00000000000000
160.00000000000000
158.75000000000000
158.75000000000000
157.00000000000000
157.00000000000000
158.75000000000000
158.75000000000000
159.75000000000000
159.75000000000000
159.75000000000000
159.75000000000000
162.00000000000000
162.00000000000000
160.50000000000000
160.50000000000000
160.50000000000000
160.50000000000000
160.25000000000000
160.25000000000000
160.75000000000000
160.75000000000000
161.00000000000000
160.50000000000000
160.50000000000000
159.75000000000000
159.75000000000000
159.50000000000000
159.50000000000000
159.50000000000000
159.50000000000000
159.50000000000000
159.50000000000000
159.50000000000000
153.50000000000000
153.50000000000000
153.00000000000000
153.00000000000000
153.00000000000000
153.00000000000000
153.00000000000000
153.00000000000000
153.00000000000000
153.00000000000000
153.00000000000000
153.00000000000000
153.00000000000000
153.00000000000000
153.00000000000000
153.00000000000000
153.03767123287670
153.07534246575344
153.11301369863014
153.15068493150685
153.18835616438355
153.22602739726028
153.26369863013699
153.30136986301369
153.33904109589042
153.37671232876713
153.41438356164383
153.45205479452054
153.48972602739727
153.52739726027397
153.56506849315068
153.60273972602741
153.64041095890411
153.67808219178082
153.71575342465752
153.75342465753425
153.79109589041096
153.82876712328766
153.86643835616439
153.90410958904110
153.94178082191780
153.97945205479451
154.01712328767124
154.05479452054794
154.09246575342465
154.13013698630138
154.16780821917808
154.20547945205479
154.24315068493149
154.28082191780823
154.31849315068493
154.35616438356163
154.39383561643837
154.43150684931507
154.46917808219177
154.50684931506851
154.54452054794521
154.58219178082192
154.61986301369862
154.65753424657535
154.69520547945206
154.73287671232876
154.77054794520549
154.80821917808220
154.84589041095890
154.88356164383561
154.92123287671234
154.95890410958904
154.99657534246575
155.03424657534248
155.07191780821918
155.10958904109589
155.14726027397259
155.18493150684932
155.22260273972603
155.26027397260273
155.29794520547946
155.33561643835617
155.37328767123287
155.41095890410958
155.44863013698631
155.48630136986301
155.52397260273972
155.56164383561645
155.59931506849315
155.63698630136986
155.67465753424656
155.71232876712330
155.75000000000000
155.75000000000000
155.75000000000000
156.50000000000000
156.50000000000000
156.75000000000000
156.75000000000000
156.75000000000000
157.25000000000000
157.25000000000000
156.50000000000000
156.50000000000000
156.50000000000000
156.50000000000000
156.00000000000000
156.00000000000000
156.00000000000000
156.00000000000000
156.00000000000000
156.00000000000000
156.00000000000000
156.00000000000000
156.00000000000000
156.00000000000000
155.85294117647058
155.70588235294119
155.55882352941177
155.41176470588235
155.26470588235293
155.11764705882354
154.97058823529412
154.82352941176470
154.67647058823530
154.52941176470588
154.38235294117646
154.23529411764707
154.08823529411765
153.94117647058823
153.79411764705881
153.64705882352942
153.50000000000000
153.50000000000000
155.25000000000000
156.00000000000000
156.00000000000000
158.00000000000000
158.00000000000000
158.00000000000000
158.00000000000000
158.00000000000000
157.50000000000000
157.50000000000000
157.50000000000000
157.50000000000000
157.75000000000000
159.50000000000000
159.50000000000000
159.50000000000000
159.75000000000000
159.75000000000000
159.75000000000000
160.25000000000000
160.25000000000000
160.25000000000000
160.75000000000000
160.75000000000000
160.25000000000000
160.25000000000000
160.25000000000000
160.00000000000000
160.25000000000000
160.25000000000000
160.25000000000000
160.00000000000000
160.00000000000000
157.25000000000000
157.25000000000000
152.50000000000000
152.50000000000000
152.00000000000000
151.75000000000000
151.75000000000000
151.75000000000000
160.00000000000000
160.00000000000000
161.75000000000000
163.00000000000000
163.00000000000000
163.25000000000000
163.25000000000000
162.00000000000000
162.00000000000000
160.50000000000000
160.50000000000000
160.00000000000000
160.75000000000000
160.75000000000000
161.50000000000000
161.50000000000000
161.50000000000000
160.75000000000000
160.75000000000000
160.75000000000000
160.75000000000000
160.75000000000000
160.75000000000000
160.75000000000000
160.75000000000000
160.75000000000000
160.75000000000000
160.50000000000000
159.00000000000000
159.00000000000000
158.00000000000000
158.00000000000000
158.00000000000000
157.75000000000000
157.75000000000000
157.75000000000000
157.75000000000000
157.75000000000000
157.75000000000000
155.25000000000000
155.25000000000000
155.25000000000000
155.25000000000000
155.25000000000000
155.25000000000000
158.50000000000000
158.50000000000000
158.50000000000000
158.50000000000000
158.50000000000000
157.75000000000000
157.75000000000000
158.75000000000000
158.75000000000000
161.00000000000000
161.00000000000000
161.00000000000000
161.00000000000000
160.50000000000000
160.50000000000000
162.00000000000000
162.00000000000000
162.50000000000000
162.50000000000000
162.00000000000000
162.00000000000000
162.00000000000000
162.00000000000000
161.50000000000000
162.00000000000000
162.00000000000000
163.00000000000000
163.00000000000000
163.50000000000000
163.50000000000000
163.00000000000000
163.00000000000000
164.50000000000000
164.50000000000000
161.75000000000000
161.75000000000000
159.75000000000000
159.75000000000000
159.25000000000000
160.25000000000000
160.25000000000000
160.25000000000000
163.25000000000000
163.25000000000000
162.25000000000000
162.25000000000000
160.75000000000000
160.75000000000000
160.50000000000000
160.50000000000000
158.25000000000000
158.25000000000000
159.75000000000000
159.75000000000000
160.00000000000000
159.50000000000000
159.50000000000000
159.75000000000000
159.75000000000000
159.50000000000000
159.25000000000000
159.25000000000000
159.25000000000000
159.00000000000000
159.00000000000000
159.00000000000000
160.50000000000000
160.50000000000000
159.75000000000000
160.00000000000000
160.00000000000000
159.50000000000000
159.25000000000000
159.25000000000000
159.25000000000000
159.25000000000000
159.25000000000000
159.25000000000000
159.25000000000000
159.25000000000000
159.25000000000000
159.25000000000000
159.25000000000000
159.73437500000000
160.21875000000000
160.70312500000000
161.18750000000000
161.67187500000000
162.15625000000000
162.64062500000000
163.12500000000000
163.60937500000000
164.09375000000000
164.57812500000000
165.06250000000000
165.54687500000000
166.03125000000000
166.51562500000000
167.00000000000000
167.00000000000000
165.25000000000000
163.00000000000000
163.00000000000000
162.00000000000000
162.00000000000000
162.25000000000000
161.50000000000000
161.50000000000000
161.00000000000000
160.50000000000000
160.50000000000000
160.25000000000000
160.25000000000000
159.50000000000000
160.00000000000000
160.00000000000000
159.75000000000000
159.50000000000000
159.50000000000000
159.50000000000000
160.25000000000000
160.25000000000000
160.00000000000000
160.00000000000000
159.25000000000000
159.25000000000000
158.75000000000000
158.75000000000000
159.25000000000000
159.50000000000000
159.50000000000000
159.50000000000000
160.25000000000000
160.25000000000000
161.50000000000000
161.50000000000000
161.50000000000000
161.50000000000000
161.50000000000000
161.50000000000000
161.50000000000000
161.50000000000000
161.50000000000000
167.25000000000000
165.50000000000000
165.50000000000000
165.50000000000000
165.50000000000000
165.50000000000000
165.50000000000000
165.00000000000000
165.00000000000000
166.25000000000000
166.25000000000000
165.25000000000000
165.25000000000000
165.25000000000000
165.25000000000000
166.00000000000000
166.00000000000000
167.00000000000000
167.00000000000000
167.00000000000000
165.50000000000000
164.75000000000000
164.75000000000000
164.75000000000000
166.50000000000000
164.50000000000000
164.50000000000000
163.50000000000000
163.50000000000000
160.75000000000000
160.75000000000000
160.75000000000000
160.75000000000000
160.00000000000000
158.75000000000000
158.75000000000000
158.25000000000000
158.25000000000000
155.50000000000000
155.50000000000000
154.75000000000000
154.75000000000000
156.25000000000000
156.25000000000000
156.25000000000000
156.00000000000000
156.00000000000000
156.25000000000000
156.25000000000000
156.25000000000000
155.50000000000000
155.50000000000000
156.25000000000000
155.50000000000000
155.50000000000000
155.75000000000000
155.75000000000000
155.75000000000000
155.75000000000000
158.25000000000000
158.25000000000000
160.25000000000000
160.25000000000000
161.00000000000000
161.00000000000000
161.75000000000000
161.75000000000000
162.25000000000000
163.25000000000000
163.25000000000000
163.25000000000000
162.25000000000000
162.50000000000000
162.50000000000000
162.25000000000000
162.25000000000000
162.25000000000000
161.75000000000000
162.25000000000000
162.25000000000000
163.75000000000000
163.75000000000000
164.25000000000000
164.25000000000000
165.75000000000000
165.75000000000000
165.75000000000000
165.25000000000000
165.25000000000000
165.25000000000000
165.25000000000000
166.00000000000000
166.00000000000000
166.50000000000000
166.50000000000000
167.00000000000000
167.00000000000000
167.25000000000000
166.00000000000000
166.00000000000000
164.00000000000000
164.00000000000000
164.00000000000000
161.50000000000000
161.50000000000000
162.25000000000000
162.00000000000000
162.00000000000000
162.00000000000000
162.75000000000000
162.75000000000000
161.00000000000000
161.00000000000000
158.75000000000000
158.75000000000000
157.50000000000000
157.50000000000000
155.75000000000000
156.75000000000000
156.75000000000000
156.75000000000000
156.75000000000000
156.75000000000000
155.75000000000000
155.75000000000000
155.75000000000000
155.75000000000000
155.00000000000000
155.00000000000000
155.25000000000000
155.25000000000000
154.00000000000000
153.25000000000000
153.25000000000000
152.50000000000000
152.25000000000000
152.25000000000000
152.25000000000000
152.50000000000000
152.50000000000000
152.50000000000000
153.25000000000000
153.25000000000000
153.50000000000000
153.50000000000000
154.50000000000000
154.50000000000000
156.50000000000000
156.50000000000000
158.75000000000000
158.75000000000000
159.25000000000000
158.50000000000000
158.50000000000000
158.00000000000000
158.50000000000000
158.50000000000000
158.25000000000000
157.75000000000000
157.75000000000000
158.00000000000000
158.25000000000000
158.25000000000000
158.00000000000000
158.50000000000000
158.50000000000000
157.25000000000000
157.00000000000000
157.00000000000000
157.00000000000000
159.25000000000000
159.25000000000000
159.50000000000000
159.50000000000000
159.50000000000000
159.50000000000000
160.25000000000000
160.25000000000000
160.50000000000000
160.50000000000000
163.75000000000000
163.75000000000000
163.00000000000000
163.00000000000000
162.75000000000000
162.75000000000000
166.25000000000000
166.25000000000000
166.25000000000000
169.00000000000000
171.00000000000000
171.00000000000000
171.75000000000000
171.75000000000000
171.50000000000000
171.50000000000000
173.75000000000000
173.75000000000000
176.50000000000000
176.50000000000000
176.75000000000000
176.75000000000000
175.00000000000000
176.25000000000000
176.25000000000000
177.50000000000000
177.50000000000000
182.25000000000000
180.50000000000000
180.50000000000000
177.75000000000000
177.75000000000000
177.00000000000000
177.00000000000000
174.75000000000000
174.75000000000000
173.50000000000000
173.50000000000000
174.25000000000000
174.25000000000000
176.75000000000000
176.75000000000000
176.75000000000000
176.75000000000000
177.75000000000000
177.75000000000000
178.00000000000000
179.25000000000000
179.25000000000000
179.75000000000000
179.75000000000000
176.25000000000000
176.25000000000000
175.25000000000000
175.25000000000000
176.50000000000000
176.50000000000000
175.75000000000000
175.75000000000000
177.00000000000000
177.00000000000000
177.75000000000000
177.75000000000000
178.25000000000000
178.25000000000000
176.75000000000000
176.75000000000000
177.25000000000000
177.25000000000000
177.25000000000000
177.25000000000000
176.25000000000000
176.25000000000000
172.50000000000000
172.50000000000000
174.25000000000000
174.25000000000000
173.75000000000000
173.75000000000000
172.00000000000000
172.00000000000000
172.50000000000000
172.50000000000000
170.50000000000000
170.50000000000000
169.75000000000000
169.75000000000000
172.00000000000000
172.00000000000000
173.00000000000000
173.00000000000000
172.75000000000000
172.75000000000000
171.25000000000000
171.25000000000000
172.00000000000000
172.00000000000000
171.75000000000000
171.75000000000000
170.00000000000000
170.00000000000000
170.00000000000000
169.25000000000000
169.25000000000000
169.25000000000000
171.00000000000000
171.00000000000000
174.00000000000000
174.00000000000000
172.50000000000000
172.50000000000000
172.00000000000000
172.00000000000000
173.25000000000000
173.25000000000000
173.50000000000000
173.50000000000000
173.50000000000000
173.50000000000000
174.25000000000000
174.25000000000000
174.25000000000000
173.75000000000000
173.75000000000000
172.25000000000000
172.25000000000000
172.25000000000000
172.75000000000000
172.75000000000000
171.50000000000000
170.00000000000000
170.00000000000000
172.00000000000000
172.00000000000000
173.25000000000000
173.25000000000000
172.50000000000000
172.50000000000000
171.50000000000000
171.50000000000000
172.00000000000000
172.00000000000000
171.50000000000000
171.50000000000000
171.50000000000000
171.50000000000000
171.50000000000000
175.75000000000000
175.75000000000000
174.00000000000000
174.00000000000000
173.75000000000000
173.75000000000000
174.50000000000000
174.50000000000000
172.50000000000000
171.25000000000000
171.25000000000000
171.25000000000000
171.50000000000000
171.50000000000000
173.75000000000000
173.75000000000000
175.25000000000000
174.75000000000000
174.75000000000000
172.75000000000000
172.75000000000000
170.75000000000000
170.75000000000000
171.00000000000000
171.00000000000000
171.50000000000000
171.50000000000000
171.50000000000000
171.50000000000000
171.50000000000000
173.25000000000000
173.25000000000000
173.50000000000000
173.50000000000000
173.50000000000000
173.50000000000000
173.50000000000000
173.50000000000000
174.25000000000000
174.25000000000000
175.00000000000000
175.00000000000000
175.50000000000000
175.50000000000000
177.25000000000000
177.25000000000000
177.25000000000000
177.25000000000000
177.50000000000000
177.50000000000000
177.75000000000000
177.75000000000000
176.50000000000000
176.50000000000000
176.00000000000000
176.00000000000000
177.75000000000000
177.75000000000000
178.00000000000000
178.00000000000000
178.25000000000000
177.75000000000000
177.75000000000000
177.75000000000000
177.00000000000000
177.00000000000000
177.25000000000000
177.25000000000000
177.00000000000000
177.00000000000000
176.25000000000000
176.25000000000000
177.50000000000000
177.50000000000000
176.50000000000000
176.50000000000000
176.25000000000000
175.50000000000000
175.50000000000000
174.75000000000000
174.75000000000000
173.75000000000000
173.75000000000000
173.75000000000000
173.75000000000000
174.00000000000000
174.00000000000000
175.25000000000000
175.25000000000000
174.75000000000000
174.75000000000000
173.25000000000000
173.25000000000000
171.75000000000000
171.75000000000000
171.75000000000000
171.75000000000000
172.75000000000000
172.75000000000000
171.00000000000000
171.00000000000000
172.00000000000000
172.00000000000000
172.25000000000000
172.25000000000000
171.00000000000000
171.00000000000000
170.25000000000000
170.75000000000000
170.75000000000000
170.75000000000000
170.25000000000000
170.25000000000000
170.25000000000000
170.25000000000000
170.50000000000000
170.50000000000000
171.25000000000000
171.25000000000000
171.75000000000000
171.75000000000000
171.75000000000000
173.25000000000000
173.25000000000000
172.25000000000000
172.25000000000000
173.00000000000000
173.00000000000000
173.00000000000000
173.00000000000000
172.00000000000000
172.00000000000000
172.00000000000000
173.50000000000000
173.50000000000000
174.00000000000000
174.00000000000000
174.00000000000000
174.00000000000000
174.00000000000000
174.25000000000000
174.25000000000000
175.00000000000000
175.00000000000000
174.50000000000000
174.50000000000000
174.50000000000000
174.50000000000000
174.00000000000000
174.00000000000000
175.25000000000000
175.75000000000000
175.75000000000000
176.00000000000000
176.00000000000000
176.00000000000000
176.00000000000000
177.00000000000000
177.00000000000000
177.75000000000000
178.00000000000000
178.00000000000000
176.00000000000000
176.00000000000000
177.00000000000000
177.00000000000000
179.25000000000000
180.50000000000000
180.50000000000000
181.75000000000000
181.75000000000000
184.75000000000000
184.75000000000000
183.75000000000000
183.75000000000000
183.75000000000000
183.75000000000000
183.25000000000000
183.50000000000000
183.50000000000000
183.00000000000000
183.00000000000000
183.00000000000000
183.00000000000000
182.25000000000000
182.25000000000000
182.25000000000000
182.50000000000000
182.50000000000000
183.50000000000000
183.50000000000000
182.25000000000000
182.25000000000000
181.25000000000000
181.25000000000000
181.25000000000000
180.75000000000000
180.75000000000000
181.00000000000000
181.00000000000000
181.50000000000000
181.75000000000000
181.75000000000000
181.75000000000000
180.75000000000000
181.00000000000000
181.00000000000000
181.25000000000000
181.75000000000000
181.75000000000000
181.75000000000000
181.50000000000000
181.50000000000000
179.00000000000000
179.00000000000000
178.25000000000000
178.25000000000000
180.25000000000000
180.25000000000000
181.00000000000000
181.00000000000000
182.50000000000000
182.50000000000000
181.75000000000000
181.75000000000000
183.00000000000000
183.00000000000000
183.00000000000000
183.00000000000000
182.00000000000000
182.00000000000000
182.00000000000000
185.75000000000000
185.75000000000000
185.50000000000000
185.50000000000000
185.50000000000000
185.50000000000000
184.75000000000000
184.75000000000000
184.75000000000000
184.75000000000000
187.50000000000000
187.75000000000000
187.75000000000000
187.25000000000000
187.25000000000000
186.50000000000000
186.75000000000000
186.75000000000000
186.75000000000000
187.25000000000000
187.25000000000000
187.25000000000000
185.25000000000000
185.25000000000000
184.75000000000000
184.75000000000000
186.75000000000000
187.00000000000000
187.00000000000000
188.25000000000000
188.25000000000000
187.50000000000000
187.50000000000000
186.25000000000000
186.25000000000000
187.00000000000000
187.00000000000000
187.00000000000000
187.00000000000000
187.25000000000000
187.25000000000000
187.25000000000000
187.25000000000000
187.50000000000000
187.50000000000000
188.25000000000000
188.25000000000000
188.50000000000000
189.75000000000000
189.75000000000000
189.50000000000000
189.50000000000000
189.00000000000000
189.00000000000000
189.25000000000000
188.75000000000000
188.75000000000000
190.00000000000000
190.00000000000000
190.25000000000000
190.25000000000000
190.50000000000000
191.25000000000000
191.25000000000000
190.25000000000000
190.25000000000000
189.75000000000000
189.50000000000000
189.50000000000000
190.50000000000000
190.50000000000000
190.00000000000000
190.00000000000000
190.25000000000000
190.25000000000000
190.00000000000000
190.00000000000000
190.00000000000000
190.00000000000000
190.00000000000000
190.00000000000000
189.50000000000000
189.50000000000000
188.75000000000000
188.75000000000000
189.75000000000000
189.75000000000000
189.50000000000000
189.50000000000000
189.00000000000000
189.00000000000000
189.00000000000000
187.00000000000000
187.00000000000000
186.00000000000000
186.00000000000000
186.00000000000000
186.00000000000000
186.00000000000000
186.00000000000000
184.75000000000000
184.75000000000000
186.75000000000000
186.75000000000000
187.50000000000000
187.25000000000000
187.25000000000000
185.75000000000000
185.75000000000000
185.75000000000000
185.75000000000000
185.50000000000000
185.50000000000000
185.50000000000000
184.75000000000000
184.75000000000000
185.00000000000000
184.50000000000000
184.50000000000000
184.50000000000000
184.50000000000000
184.75000000000000
184.75000000000000
183.00000000000000
183.00000000000000
182.25000000000000
182.25000000000000
183.50000000000000
183.50000000000000
185.00000000000000
185.00000000000000
182.00000000000000
182.00000000000000
181.00000000000000
178.75000000000000
178.75000000000000
178.75000000000000
178.75000000000000
176.25000000000000
176.25000000000000
175.25000000000000
175.25000000000000
174.50000000000000
174.50000000000000
173.75000000000000
173.75000000000000
175.50000000000000
175.50000000000000
175.50000000000000
175.50000000000000
174.50000000000000
174.50000000000000
174.50000000000000
174.50000000000000
174.50000000000000
174.50000000000000
174.50000000000000
175.00000000000000
175.00000000000000
175.25000000000000
175.25000000000000
173.50000000000000
173.50000000000000
174.00000000000000
174.00000000000000
175.00000000000000
175.00000000000000
175.50000000000000
175.50000000000000
176.00000000000000
176.00000000000000
175.75000000000000
175.75000000000000
174.75000000000000
174.75000000000000
173.25000000000000
173.25000000000000
171.00000000000000
170.00000000000000
170.00000000000000
170.00000000000000
168.75000000000000
168.75000000000000
167.50000000000000
167.50000000000000
166.25000000000000
166.25000000000000
166.00000000000000
166.00000000000000
166.00000000000000
165.25000000000000
165.25000000000000
164.75000000000000
164.75000000000000
164.75000000000000
164.75000000000000
164.75000000000000
164.75000000000000
164.75000000000000
159.75000000000000
159.75000000000000
159.75000000000000
159.75000000000000
159.75000000000000
159.75000000000000
159.75000000000000
159.75000000000000
166.25000000000000
166.25000000000000
166.25000000000000
171.75000000000000
173.75000000000000
173.75000000000000
177.25000000000000
177.25000000000000
179.50000000000000
179.50000000000000
179.50000000000000
179.50000000000000
179.75000000000000
179.75000000000000
183.00000000000000
183.00000000000000
183.00000000000000
183.00000000000000
181.00000000000000
180.00000000000000
180.00000000000000
180.00000000000000
180.00000000000000
180.00000000000000
180.00000000000000
184.00000000000000
184.00000000000000
185.50000000000000
185.50000000000000
186.00000000000000
186.00000000000000
186.00000000000000
186.25000000000000
186.25000000000000
186.25000000000000
189.50000000000000
189.50000000000000
189.00000000000000
188.25000000000000
188.25000000000000
188.00000000000000
188.00000000000000
185.75000000000000
185.75000000000000
184.75000000000000
184.75000000000000
184.75000000000000
184.75000000000000
185.50000000000000
185.50000000000000
185.50000000000000
185.50000000000000
185.50000000000000
185.50000000000000
185.50000000000000
185.50000000000000
185.50000000000000
185.50000000000000
185.50000000000000
186.00000000000000
186.00000000000000
184.50000000000000
184.50000000000000
182.50000000000000
182.25000000000000
182.25000000000000
182.50000000000000
182.50000000000000
179.75000000000000
179.75000000000000
179.50000000000000
179.50000000000000
176.50000000000000
176.50000000000000
176.50000000000000
176.50000000000000
173.75000000000000
173.75000000000000
169.75000000000000
169.75000000000000
168.25000000000000
168.25000000000000
166.00000000000000
166.00000000000000
165.00000000000000
165.00000000000000
165.25000000000000
164.75000000000000
164.75000000000000
164.25000000000000
164.25000000000000
165.75000000000000
165.75000000000000
165.75000000000000
168.25000000000000
168.25000000000000
170.75000000000000
170.75000000000000
170.00000000000000
170.00000000000000
169.00000000000000
169.00000000000000
168.25000000000000
168.25000000000000
169.00000000000000
169.00000000000000
169.75000000000000
169.75000000000000
170.00000000000000
170.00000000000000
170.00000000000000
171.75000000000000
171.75000000000000
172.25000000000000
172.25000000000000
172.50000000000000
172.50000000000000
172.75000000000000
172.75000000000000
174.75000000000000
174.75000000000000
175.25000000000000
175.25000000000000
175.25000000000000
175.25000000000000
175.75000000000000
175.00000000000000
175.00000000000000
174.00000000000000
174.00000000000000
174.75000000000000
174.75000000000000
174.75000000000000
175.00000000000000
175.00000000000000
175.00000000000000
175.00000000000000
175.00000000000000
175.00000000000000
175.00000000000000
178.25000000000000
178.25000000000000
179.75000000000000
179.75000000000000
181.00000000000000
181.50000000000000
181.50000000000000
181.75000000000000
181.75000000000000
183.00000000000000
183.00000000000000
183.75000000000000
183.75000000000000
183.25000000000000
183.25000000000000
179.00000000000000
179.00000000000000
177.75000000000000
180.00000000000000
180.00000000000000
183.75000000000000
183.75000000000000
186.00000000000000
187.00000000000000
187.00000000000000
187.75000000000000
187.75000000000000
188.00000000000000
188.00000000000000
188.00000000000000
188.00000000000000
188.00000000000000
185.25000000000000
185.25000000000000
185.25000000000000
185.25000000000000
185.25000000000000
185.25000000000000
185.25000000000000
187.50000000000000
189.75000000000000
192.00000000000000
192.50000000000000
192.50000000000000
192.50000000000000
192.50000000000000
192.00000000000000
191.50000000000000
191.50000000000000
190.00000000000000
190.00000000000000
187.50000000000000
187.50000000000000
188.75000000000000
188.75000000000000
188.25000000000000
185.00000000000000
185.00000000000000
183.00000000000000
183.00000000000000
181.50000000000000
181.50000000000000
180.75000000000000
180.75000000000000
178.50000000000000
175.25000000000000
175.25000000000000
174.75000000000000
174.75000000000000
173.75000000000000
173.75000000000000
171.50000000000000
171.50000000000000
171.00000000000000
171.00000000000000
171.00000000000000
171.00000000000000
171.00000000000000
171.00000000000000
171.00000000000000
171.00000000000000
171.26923076923077
171.53846153846155
171.80769230769232
172.07692307692307
172.34615384615384
172.61538461538461
172.88461538461539
173.15384615384616
173.42307692307693
173.69230769230768
173.96153846153845
174.23076923076923
174.50000000000000
174.76923076923077
175.03846153846155
175.30769230769232
175.57692307692307
175.84615384615384
176.11538461538461
176.38461538461539
176.65384615384616
176.92307692307693
177.19230769230768
177.46153846153845
177.73076923076923
178.00000000000000
178.00000000000000
179.50000000000000
179.50000000000000
180.50000000000000
180.50000000000000
180.50000000000000
181.00000000000000
181.00000000000000
181.00000000000000
183.25000000000000
184.75000000000000
184.75000000000000
185.75000000000000
185.75000000000000
183.50000000000000
182.00000000000000
182.00000000000000
182.00000000000000
181.50000000000000
181.50000000000000
181.50000000000000
181.50000000000000
181.50000000000000
181.50000000000000
181.50000000000000
181.50000000000000
182.19444444444446
182.88888888888889
183.58333333333334
184.27777777777777
184.97222222222223
185.66666666666666
186.36111111111111
187.05555555555554
187.75000000000000
187.75000000000000
187.75000000000000
187.75000000000000
187.75000000000000
187.75000000000000
187.75000000000000
187.75000000000000
187.75000000000000
187.75000000000000
187.75000000000000
187.75000000000000
184.25000000000000
184.25000000000000
184.25000000000000
184.25000000000000
187.50000000000000
188.25000000000000
188.25000000000000
189.25000000000000
189.25000000000000
190.00000000000000
190.25000000000000
190.25000000000000
190.25000000000000
190.25000000000000
190.50000000000000
190.50000000000000
190.50000000000000
190.50000000000000
190.50000000000000
188.50000000000000
187.75000000000000
187.75000000000000
185.50000000000000
185.50000000000000
180.75000000000000
180.75000000000000
184.00000000000000
184.00000000000000
185.25000000000000
185.25000000000000
185.50000000000000
185.50000000000000
185.75000000000000
185.75000000000000
185.75000000000000
185.75000000000000
185.50000000000000
185.50000000000000
186.75000000000000
186.75000000000000
187.25000000000000
187.25000000000000
187.25000000000000
187.25000000000000
187.50000000000000
187.50000000000000
187.50000000000000
187.50000000000000
186.00000000000000
186.00000000000000
185.25000000000000
185.25000000000000
185.25000000000000
185.25000000000000
185.25000000000000
185.25000000000000
185.25000000000000
185.25000000000000
184.66666666666666
184.08333333333334
183.50000000000000
183.50000000000000
183.50000000000000
183.50000000000000
183.25000000000000
183.25000000000000
183.25000000000000
183.25000000000000
183.25000000000000
183.25000000000000
183.25000000000000
183.25000000000000
183.75000000000000
183.75000000000000
184.00000000000000
184.00000000000000
187.00000000000000
186.00000000000000
186.00000000000000
185.50000000000000
185.50000000000000
185.25000000000000
185.25000000000000
183.25000000000000
183.25000000000000
181.75000000000000
181.75000000000000
187.25000000000000
187.25000000000000
187.25000000000000
187.25000000000000
187.25000000000000
186.75000000000000
186.75000000000000
187.00000000000000
187.00000000000000
185.75000000000000
185.75000000000000
184.25000000000000
184.25000000000000
186.25000000000000
187.00000000000000
187.00000000000000
187.25000000000000
187.25000000000000
187.25000000000000
188.00000000000000
188.00000000000000
189.00000000000000
189.00000000000000
188.25000000000000
188.25000000000000
188.00000000000000
188.00000000000000
188.00000000000000
184.50000000000000
184.50000000000000
184.00000000000000
184.00000000000000
181.50000000000000
181.50000000000000
179.25000000000000
179.25000000000000
178.50000000000000
177.75000000000000
177.75000000000000
177.75000000000000
176.00000000000000
174.75000000000000
174.75000000000000
173.25000000000000
173.25000000000000
171.50000000000000
171.50000000000000
164.25000000000000
164.25000000000000
162.50000000000000
159.75000000000000
159.75000000000000
159.75000000000000
161.25000000000000
161.25000000000000
161.75000000000000
161.75000000000000
162.50000000000000
162.50000000000000
165.75000000000000
165.75000000000000
165.75000000000000
163.00000000000000
163.00000000000000
173.50000000000000
173.50000000000000
177.75000000000000
177.75000000000000
179.25000000000000
179.25000000000000
177.50000000000000
177.00000000000000
177.00000000000000
177.00000000000000
157.75000000000000
157.75000000000000
161.50000000000000
161.50000000000000
164.25000000000000
164.25000000000000
162.00000000000000
162.00000000000000
162.00000000000000
162.25000000000000
161.75000000000000
161.75000000000000
162.00000000000000
162.00000000000000
162.00000000000000
161.50000000000000
161.50000000000000
161.75000000000000
161.75000000000000
161.25000000000000
161.25000000000000
160.50000000000000
160.50000000000000
159.25000000000000
158.50000000000000
158.50000000000000
158.00000000000000
158.00000000000000
159.00000000000000
159.00000000000000
157.50000000000000
157.50000000000000
156.25000000000000
154.75000000000000
154.75000000000000
154.75000000000000
154.75000000000000
154.75000000000000
153.50000000000000
153.50000000000000
153.25000000000000
153.00000000000000
153.00000000000000
153.00000000000000
149.00000000000000
149.00000000000000
149.00000000000000
151.75000000000000
151.75000000000000
159.25000000000000
159.75000000000000
159.75000000000000
160.50000000000000
160.50000000000000
162.00000000000000
162.00000000000000
162.50000000000000
162.50000000000000
162.50000000000000
162.75000000000000
162.75000000000000
162.75000000000000
168.50000000000000
168.50000000000000
169.25000000000000
169.25000000000000
166.50000000000000
166.50000000000000
166.50000000000000
167.75000000000000
167.75000000000000
167.75000000000000
169.25000000000000
169.25000000000000
170.25000000000000
170.25000000000000
172.50000000000000
172.50000000000000
173.50000000000000
173.50000000000000
171.25000000000000
171.25000000000000
169.75000000000000
169.75000000000000
166.25000000000000
166.25000000000000
164.50000000000000
163.75000000000000
163.75000000000000
162.25000000000000
160.50000000000000
160.50000000000000
158.25000000000000
156.75000000000000
156.75000000000000
156.00000000000000
156.00000000000000
153.50000000000000
152.25000000000000
152.25000000000000
151.75000000000000
151.75000000000000
151.75000000000000
154.75000000000000
154.75000000000000
153.50000000000000
153.75000000000000
153.75000000000000
154.00000000000000
154.00000000000000
155.75000000000000
155.75000000000000
155.50000000000000
155.50000000000000
157.75000000000000
160.75000000000000
160.75000000000000
160.75000000000000
165.50000000000000
165.50000000000000
166.00000000000000
167.50000000000000
167.50000000000000
167.75000000000000
167.75000000000000
167.75000000000000
167.75000000000000
167.75000000000000
167.75000000000000
167.25000000000000
167.25000000000000
167.25000000000000
167.25000000000000
167.25000000000000
170.25000000000000
170.25000000000000
168.75000000000000
168.75000000000000
163.75000000000000
163.75000000000000
162.50000000000000
162.50000000000000
161.75000000000000
161.75000000000000
152.25000000000000
152.25000000000000
150.75000000000000
150.75000000000000
150.75000000000000
149.75000000000000
153.50000000000000
153.50000000000000
154.00000000000000
153.25000000000000
153.25000000000000
153.25000000000000
153.00000000000000
153.00000000000000
153.00000000000000
153.00000000000000
153.00000000000000
153.00000000000000
153.00000000000000
153.00000000000000
153.00000000000000
153.00000000000000
158.50000000000000
164.00000000000000
169.50000000000000
169.50000000000000
173.25000000000000
173.25000000000000
174.75000000000000
174.75000000000000
170.00000000000000
170.00000000000000
169.75000000000000
169.75000000000000
171.00000000000000
171.00000000000000
172.00000000000000
172.00000000000000
171.75000000000000
165.75000000000000
165.75000000000000
165.75000000000000
159.50000000000000
159.50000000000000
157.75000000000000
157.75000000000000
154.00000000000000
152.50000000000000
152.50000000000000
152.50000000000000
152.50000000000000
152.00000000000000
152.50000000000000
152.50000000000000
152.50000000000000
153.50000000000000
153.50000000000000
154.00000000000000
155.25000000000000
155.25000000000000
156.25000000000000
156.25000000000000
156.25000000000000
156.75000000000000
156.75000000000000
156.75000000000000
156.75000000000000
156.75000000000000
156.75000000000000
156.75000000000000
157.02049180327870
157.29098360655738
157.56147540983608
157.83196721311475
158.10245901639345
158.37295081967213
158.64344262295083
158.91393442622950
159.18442622950820
159.45491803278688
159.72540983606558
159.99590163934425
160.26639344262296
160.53688524590163
160.80737704918033
161.07786885245901
161.34836065573771
161.61885245901638
161.88934426229508
162.15983606557376
162.43032786885246
162.70081967213116
162.97131147540983
163.24180327868854
163.51229508196721
163.78278688524591
164.05327868852459
164.32377049180329
164.59426229508196
164.86475409836066
165.13524590163934
165.40573770491804
165.67622950819671
165.94672131147541
166.21721311475409
166.48770491803279
166.75819672131146
167.02868852459017
167.29918032786884
167.56967213114754
167.84016393442624
168.11065573770492
168.38114754098362
168.65163934426229
168.92213114754099
169.19262295081967
169.46311475409837
169.73360655737704
170.00409836065575
170.27459016393442
170.54508196721312
170.81557377049180
171.08606557377050
171.35655737704917
171.62704918032787
171.89754098360655
172.16803278688525
172.43852459016392
172.70901639344262
172.97950819672130
173.25000000000000
173.25000000000000
172.50000000000000
172.50000000000000
171.00000000000000
170.25000000000000
170.25000000000000
166.00000000000000
166.00000000000000
165.00000000000000
165.00000000000000
165.75000000000000
165.75000000000000
164.75000000000000
164.75000000000000
164.75000000000000
164.50000000000000
164.50000000000000
162.50000000000000
162.50000000000000
161.75000000000000
161.75000000000000
160.25000000000000
160.25000000000000
159.75000000000000
159.75000000000000
159.75000000000000
159.75000000000000
159.00000000000000
159.00000000000000
157.75000000000000
157.75000000000000
154.50000000000000
154.50000000000000
158.00000000000000
158.00000000000000
158.00000000000000
159.50000000000000
159.50000000000000
156.25000000000000
156.25000000000000
157.25000000000000
157.25000000000000
158.75000000000000
158.75000000000000
158.25000000000000
158.25000000000000
157.75000000000000
157.75000000000000
157.75000000000000
157.75000000000000
157.75000000000000
157.75000000000000
157.75000000000000
163.25000000000000
163.25000000000000
168.25000000000000
168.25000000000000
169.50000000000000
167.25000000000000
167.25000000000000
165.50000000000000
165.50000000000000
165.00000000000000
165.00000000000000
164.75000000000000
157.50000000000000
157.50000000000000
156.25000000000000
156.25000000000000
155.00000000000000
155.00000000000000
155.25000000000000
155.25000000000000
155.25000000000000
155.25000000000000
155.25000000000000
155.25000000000000
155.25000000000000
155.25000000000000
155.25000000000000
155.25000000000000
155.25000000000000
155.25000000000000
158.50000000000000
161.75000000000000
165.00000000000000
168.25000000000000
171.50000000000000
174.75000000000000
174.75000000000000
174.00000000000000
174.00000000000000
173.75000000000000
173.75000000000000
173.75000000000000
173.75000000000000
173.75000000000000
173.75000000000000
167.75000000000000
167.75000000000000
167.75000000000000
158.25000000000000
158.25000000000000
155.75000000000000
155.75000000000000
155.75000000000000
155.75000000000000
153.75000000000000
153.75000000000000
152.75000000000000
152.75000000000000
153.75000000000000
153.75000000000000
154.00000000000000
154.00000000000000
154.00000000000000
154.00000000000000
154.00000000000000
152.25000000000000
151.75000000000000
151.75000000000000
152.00000000000000
154.00000000000000
154.00000000000000
153.00000000000000
153.00000000000000
151.75000000000000
151.75000000000000
152.00000000000000
152.00000000000000
157.75000000000000
158.50000000000000
158.50000000000000
156.50000000000000
156.50000000000000
156.50000000000000
150.50000000000000
150.50000000000000
149.50000000000000
149.50000000000000
149.50000000000000
149.50000000000000
149.50000000000000
149.50000000000000
149.50000000000000
150.13846153846154
150.77692307692308
151.41538461538462
152.05384615384617
152.69230769230768
153.33076923076922
153.96923076923076
154.60769230769230
155.24615384615385
155.88461538461539
156.52307692307693
157.16153846153847
157.80000000000001
158.43846153846152
159.07692307692307
159.71538461538461
160.35384615384615
160.99230769230769
161.63076923076923
162.26923076923077
162.90769230769232
163.54615384615386
164.18461538461537
164.82307692307691
165.46153846153845
166.09999999999999
166.73846153846154
167.37692307692308
168.01538461538462
168.65384615384616
169.29230769230770
169.93076923076922
170.56923076923078
171.20769230769230
171.84615384615384
172.48461538461538
173.12307692307692
173.76153846153846
174.40000000000001
175.03846153846155
175.67692307692309
176.31538461538463
176.95384615384614
177.59230769230768
178.23076923076923
178.86923076923077
179.50769230769231
180.14615384615385
180.78461538461539
181.42307692307693
182.06153846153848
182.69999999999999
183.33846153846153
183.97692307692307
184.61538461538461
185.25384615384615
185.89230769230770
186.53076923076924
187.16923076923078
187.80769230769232
188.44615384615383
189.08461538461538
189.72307692307692
190.36153846153846
191.00000000000000
189.50000000000000
189.50000000000000
187.25000000000000
187.25000000000000
185.75000000000000
185.75000000000000
183.25000000000000
183.25000000000000
182.00000000000000
182.00000000000000
182.25000000000000
182.25000000000000
178.75000000000000
178.25000000000000
178.25000000000000
177.00000000000000
177.00000000000000
177.50000000000000
177.50000000000000
176.25000000000000
176.25000000000000
177.25000000000000
177.25000000000000
178.00000000000000
178.00000000000000
177.75000000000000
177.75000000000000
178.00000000000000
178.00000000000000
176.75000000000000
176.75000000000000
174.25000000000000
174.25000000000000
174.25000000000000
174.25000000000000
174.25000000000000
174.25000000000000
174.75000000000000
174.75000000000000
173.00000000000000
171.25000000000000
171.25000000000000
171.25000000000000
171.25000000000000
172.50000000000000
172.50000000000000
173.50000000000000
173.50000000000000
175.50000000000000
175.50000000000000
177.75000000000000
177.75000000000000
178.50000000000000
178.50000000000000
179.75000000000000
179.75000000000000
182.25000000000000
182.25000000000000
183.50000000000000
184.50000000000000
184.50000000000000
186.50000000000000
186.50000000000000
186.75000000000000
186.75000000000000
187.25000000000000
187.25000000000000
188.00000000000000
188.00000000000000
189.50000000000000
189.50000000000000
189.50000000000000
189.75000000000000
189.75000000000000
190.75000000000000
191.50000000000000
191.50000000000000
192.75000000000000
192.75000000000000
193.00000000000000
193.00000000000000
191.50000000000000
191.50000000000000
191.50000000000000
192.00000000000000
192.00000000000000
190.00000000000000
190.00000000000000
189.00000000000000
189.00000000000000
188.25000000000000
188.25000000000000
186.50000000000000
182.25000000000000
182.25000000000000
179.25000000000000
179.25000000000000
172.00000000000000
172.00000000000000
169.00000000000000
169.00000000000000
167.00000000000000
165.50000000000000
165.50000000000000
162.75000000000000
163.00000000000000
163.00000000000000
156.25000000000000
156.25000000000000
153.25000000000000
153.25000000000000
149.75000000000000
149.75000000000000
149.75000000000000
148.75000000000000
148.75000000000000
148.75000000000000
148.75000000000000
148.75000000000000
148.75000000000000
148.75000000000000
148.75000000000000
148.75000000000000
148.75000000000000
152.62500000000000
156.50000000000000
160.37500000000000
164.25000000000000
164.25000000000000
162.00000000000000
162.00000000000000
160.75000000000000
160.00000000000000
160.00000000000000
158.75000000000000
158.00000000000000
158.00000000000000
158.00000000000000
156.00000000000000
159.00000000000000
159.00000000000000
159.00000000000000
160.00000000000000
161.00000000000000
161.00000000000000
161.00000000000000
166.00000000000000
166.00000000000000
167.75000000000000
167.75000000000000
166.75000000000000
166.75000000000000
166.50000000000000
166.50000000000000
165.00000000000000
164.50000000000000
164.50000000000000
164.50000000000000
163.25000000000000
163.25000000000000
166.25000000000000
166.25000000000000
168.00000000000000
168.00000000000000
167.75000000000000
167.75000000000000
169.75000000000000
169.75000000000000
168.00000000000000
168.00000000000000
167.75000000000000
167.75000000000000
166.75000000000000
166.75000000000000
168.00000000000000
168.00000000000000
166.50000000000000
162.75000000000000
162.75000000000000
162.75000000000000
160.50000000000000
160.50000000000000
159.25000000000000
159.50000000000000
159.50000000000000
159.50000000000000
161.75000000000000
161.75000000000000
158.50000000000000
157.25000000000000
157.25000000000000
157.25000000000000
153.75000000000000
154.75000000000000
154.75000000000000
154.00000000000000
154.00000000000000
153.75000000000000
154.25000000000000
154.25000000000000
155.00000000000000
155.00000000000000
155.75000000000000
157.00000000000000
157.00000000000000
157.00000000000000
155.00000000000000
155.00000000000000
152.75000000000000
154.25000000000000
154.25000000000000
155.00000000000000
156.00000000000000
156.00000000000000
156.00000000000000
158.75000000000000
158.75000000000000
155.50000000000000
155.50000000000000
157.00000000000000
157.00000000000000
158.50000000000000
158.50000000000000
156.50000000000000
156.50000000000000
157.00000000000000
157.75000000000000
157.75000000000000
158.50000000000000
161.00000000000000
161.00000000000000
161.00000000000000
167.00000000000000
167.00000000000000
169.25000000000000
169.25000000000000
171.75000000000000
171.75000000000000
172.00000000000000
172.00000000000000
176.50000000000000
176.50000000000000
179.50000000000000
179.50000000000000
178.00000000000000
178.00000000000000
177.25000000000000
177.25000000000000
175.50000000000000
175.50000000000000
173.75000000000000
173.75000000000000
173.50000000000000
173.50000000000000
172.50000000000000
172.50000000000000
171.75000000000000
171.75000000000000
171.75000000000000
171.75000000000000
174.00000000000000
174.00000000000000
174.00000000000000
174.00000000000000
174.00000000000000
174.00000000000000
174.05223880597015
174.10447761194030
174.15671641791045
174.20895522388059
174.26119402985074
174.31343283582089
174.36567164179104
174.41791044776119
174.47014925373134
174.52238805970148
174.57462686567163
174.62686567164178
174.67910447761193
174.73134328358208
174.78358208955223
174.83582089552237
174.88805970149255
174.94029850746270
174.99253731343285
175.04477611940300
175.09701492537314
175.14925373134329
175.20149253731344
175.25373134328359
175.30597014925374
175.35820895522389
175.41044776119404
175.46268656716418
175.51492537313433
175.56716417910448
175.61940298507463
175.67164179104478
175.72388059701493
175.77611940298507
175.82835820895522
175.88059701492537
175.93283582089552
175.98507462686567
176.03731343283582
176.08955223880596
176.14179104477611
176.19402985074626
176.24626865671641
176.29850746268656
176.35074626865671
176.40298507462686
176.45522388059700
176.50746268656715
176.55970149253730
176.61194029850745
176.66417910447763
176.71641791044777
176.76865671641792
176.82089552238807
176.87313432835822
176.92537313432837
176.97761194029852
177.02985074626866
177.08208955223881
177.13432835820896
177.18656716417911
177.23880597014926
177.29104477611941
177.34328358208955
177.39552238805970
177.44776119402985
177.50000000000000
177.55223880597015
177.60447761194030
177.65671641791045
177.70895522388059
177.76119402985074
177.81343283582089
177.86567164179104
177.91791044776119
177.97014925373134
178.02238805970148
178.07462686567163
178.12686567164178
178.17910447761193
178.23134328358208
178.28358208955223
178.33582089552237
178.38805970149252
178.44029850746270
178.49253731343285
178.54477611940300
178.59701492537314
178.64925373134329
178.70149253731344
178.75373134328359
178.80597014925374
178.85820895522389
178.91044776119404
178.96268656716418
179.01492537313433
179.06716417910448
179.11940298507463
179.17164179104478
179.22388059701493
179.27611940298507
179.32835820895522
179.38059701492537
179.43283582089552
179.48507462686567
179.53731343283582
179.58955223880596
179.64179104477611
179.69402985074626
179.74626865671641
179.79850746268656
179.85074626865671
179.90298507462686
179.95522388059700
180.00746268656715
180.05970149253730
180.11194029850748
180.16417910447763
180.21641791044777
180.26865671641792
180.32089552238807
180.37313432835822
180.42537313432837
180.47761194029852
180.52985074626866
180.58208955223881
180.63432835820896
180.68656716417911
180.73880597014926
180.79104477611941
180.84328358208955
180.89552238805970
180.94776119402985
181.00000000000000
181.05223880597015
181.10447761194030
181.15671641791045
181.20895522388059
181.26119402985074
181.31343283582089
181.36567164179104
181.41791044776119
181.47014925373134
181.52238805970148
181.57462686567163
181.62686567164178
181.67910447761193
181.73134328358208
181.78358208955223
181.83582089552237
181.88805970149252
181.94029850746270
181.99253731343285
182.04477611940300
182.09701492537314
182.14925373134329
182.20149253731344
182.25373134328359
182.30597014925374
182.35820895522389
182.41044776119404
182.46268656716418
182.51492537313433
182.56716417910448
182.61940298507463
182.67164179104478
182.72388059701493
182.77611940298507
182.82835820895522
182.88059701492537
182.93283582089552
182.98507462686567
183.03731343283582
183.08955223880596
183.14179104477611
183.19402985074626
183.24626865671641
183.29850746268656
183.35074626865671
183.40298507462686
183.45522388059700
183.50746268656715
183.55970149253730
183.61194029850748
183.66417910447763
183.71641791044777
183.76865671641792
183.82089552238807
183.87313432835822
183.92537313432837
183.97761194029852
184.02985074626866
184.08208955223881
184.13432835820896
184.18656716417911
184.23880597014926
184.29104477611941
184.34328358208955
184.39552238805970
184.44776119402985
184.50000000000000
184.55223880597015
184.60447761194030
184.65671641791045
184.70895522388059
184.76119402985074
184.81343283582089
184.86567164179104
184.91791044776119
184.97014925373134
185.02238805970148
185.07462686567163
185.12686567164178
185.17910447761193
185.23134328358208
185.28358208955223
185.33582089552237
185.38805970149252
185.44029850746270
185.49253731343285
185.54477611940300
185.59701492537314
185.64925373134329
185.70149253731344
185.75373134328359
185.80597014925374
185.85820895522389
185.91044776119404
185.96268656716418
186.01492537313433
186.06716417910448
186.11940298507463
186.17164179104478
186.22388059701493
186.27611940298507
186.32835820895522
186.38059701492537
186.43283582089552
186.48507462686567
186.53731343283582
186.58955223880596
186.64179104477611
186.69402985074626
186.74626865671641
186.79850746268656
186.85074626865671
186.90298507462686
186.95522388059700
187.00746268656715
187.05970149253730
187.11194029850748
187.16417910447763
187.21641791044777
187.26865671641792
187.32089552238807
187.37313432835822
187.42537313432837
187.47761194029852
187.52985074626866
187.58208955223881
187.63432835820896
187.68656716417911
187.73880597014926
187.79104477611941
187.84328358208955
187.89552238805970
187.94776119402985
188.00000000000000
188.05223880597015
188.10447761194030
188.15671641791045
188.20895522388059
188.26119402985074
188.31343283582089
188.36567164179104
188.41791044776119
188.47014925373134
188.52238805970148
188.57462686567163
188.62686567164178
188.67910447761193
188.73134328358208
188.78358208955223
188.83582089552237
188.88805970149255
188.94029850746270
188.99253731343285
189.04477611940300
189.09701492537314
189.14925373134329
189.20149253731344
189.25373134328359
189.30597014925374
189.35820895522389
189.41044776119404
189.46268656716418
189.51492537313433
189.56716417910448
189.61940298507463
189.67164179104478
189.72388059701493
189.77611940298507
189.82835820895522
189.88059701492537
189.93283582089552
189.98507462686567
190.03731343283582
190.08955223880596
190.14179104477611
190.19402985074626
190.24626865671641
190.29850746268656
190.35074626865671
190.40298507462686
190.45522388059700
190.50746268656715
190.55970149253730
190.61194029850745
190.66417910447763
190.71641791044777
190.76865671641792
190.82089552238807
190.87313432835822
190.92537313432837
190.97761194029852
191.02985074626866
191.08208955223881
191.13432835820896
191.18656716417911
191.23880597014926
191.29104477611941
191.34328358208955
191.39552238805970
191.44776119402985
191.50000000000000
191.50000000000000
190.00000000000000
190.00000000000000
187.00000000000000
184.75000000000000
184.75000000000000
183.50000000000000
183.50000000000000
183.50000000000000
183.50000000000000
179.50000000000000
179.50000000000000
181.00000000000000
181.00000000000000
182.75000000000000
182.75000000000000
181.50000000000000
181.50000000000000
180.25000000000000
176.00000000000000
176.00000000000000
176.00000000000000
173.75000000000000
173.00000000000000
173.00000000000000
173.75000000000000
173.75000000000000
174.75000000000000
174.75000000000000
175.25000000000000
175.25000000000000
175.25000000000000
175.25000000000000
175.50000000000000
175.50000000000000
175.50000000000000
175.50000000000000
175.50000000000000
175.50000000000000
175.50000000000000
175.86153846153846
176.22307692307692
176.58461538461538
176.94615384615383
177.30769230769232
177.66923076923078
178.03076923076924
178.39230769230770
178.75384615384615
179.11538461538461
179.47692307692307
179.83846153846153
180.19999999999999
180.56153846153848
180.92307692307693
181.28461538461539
181.64615384615385
182.00769230769231
182.36923076923077
182.73076923076923
183.09230769230768
183.45384615384614
183.81538461538463
184.17692307692309
184.53846153846155
184.90000000000001
185.26153846153846
185.62307692307692
185.98461538461538
186.34615384615384
186.70769230769230
187.06923076923076
187.43076923076924
187.79230769230770
188.15384615384616
188.51538461538462
188.87692307692308
189.23846153846154
189.59999999999999
189.96153846153845
190.32307692307691
190.68461538461537
191.04615384615386
191.40769230769232
191.76923076923077
192.13076923076923
192.49230769230769
192.85384615384615
193.21538461538461
193.57692307692307
193.93846153846152
194.30000000000001
194.66153846153847
195.02307692307693
195.38461538461539
195.74615384615385
196.10769230769230
196.46923076923076
196.83076923076922
197.19230769230768
197.55384615384617
197.91538461538462
198.27692307692308
198.63846153846154
199.00000000000000
199.00000000000000
199.00000000000000
199.00000000000000
199.00000000000000
199.00000000000000
198.00000000000000
198.00000000000000
197.25000000000000
197.25000000000000
195.75000000000000
195.25000000000000
195.25000000000000
194.00000000000000
194.00000000000000
193.50000000000000
193.50000000000000
189.25000000000000
189.25000000000000
186.00000000000000
183.75000000000000
183.75000000000000
183.00000000000000
183.00000000000000
182.25000000000000
182.25000000000000
179.00000000000000
179.00000000000000
178.00000000000000
178.00000000000000
175.25000000000000
175.25000000000000
173.00000000000000
173.00000000000000
173.25000000000000
171.25000000000000
171.25000000000000
171.25000000000000
174.75000000000000
175.00000000000000
175.00000000000000
175.00000000000000
175.00000000000000
180.25000000000000
180.25000000000000
185.75000000000000
185.75000000000000
188.25000000000000
189.75000000000000
189.75000000000000
189.75000000000000
189.75000000000000
189.00000000000000
189.00000000000000
189.00000000000000
189.00000000000000
189.00000000000000
189.00000000000000
189.25000000000000
189.25000000000000
191.50000000000000
191.50000000000000
192.50000000000000
192.50000000000000
192.50000000000000
193.00000000000000
193.00000000000000
193.00000000000000
193.00000000000000
193.00000000000000
191.25000000000000
191.25000000000000
191.75000000000000
191.75000000000000
192.00000000000000
192.00000000000000
191.50000000000000
191.50000000000000
191.75000000000000
193.00000000000000
193.00000000000000
193.00000000000000
193.00000000000000
193.75000000000000
193.75000000000000
193.75000000000000
193.75000000000000
193.75000000000000
193.75000000000000
193.75000000000000
193.75000000000000
193.54166666666666
193.33333333333334
193.12500000000000
192.91666666666666
192.70833333333334
192.50000000000000
192.29166666666666
192.08333333333334
191.87500000000000
191.66666666666666
191.45833333333334
191.25000000000000
191.04166666666666
190.83333333333334
190.62500000000000
190.41666666666666
190.20833333333334
190.00000000000000
189.79166666666666
189.58333333333334
189.37500000000000
189.16666666666666
188.95833333333334
188.75000000000000
188.54166666666666
188.33333333333334
188.12500000000000
187.91666666666666
187.70833333333334
187.50000000000000
187.29166666666666
187.08333333333334
186.87500000000000
186.66666666666666
186.45833333333334
186.25000000000000
186.04166666666666
185.83333333333334
185.62500000000000
185.41666666666666
185.20833333333334
185.00000000000000
185.00000000000000
185.00000000000000
185.00000000000000
185.00000000000000
185.00000000000000
184.25000000000000
184.25000000000000
182.50000000000000
182.50000000000000
180.25000000000000
180.25000000000000
179.25000000000000
179.25000000000000
181.50000000000000
181.50000000000000
182.50000000000000
182.75000000000000
182.75000000000000
179.25000000000000
179.25000000000000
176.00000000000000
176.00000000000000
175.00000000000000
175.00000000000000
175.75000000000000
176.00000000000000
176.00000000000000
176.50000000000000
176.50000000000000
174.50000000000000
174.50000000000000
176.75000000000000
176.75000000000000
175.75000000000000
175.50000000000000
175.50000000000000
175.75000000000000
175.75000000000000
174.25000000000000
174.25000000000000
171.25000000000000
171.25000000000000
168.00000000000000
168.00000000000000
165.50000000000000
165.50000000000000
167.75000000000000
167.75000000000000
171.75000000000000
170.25000000000000
170.25000000000000
164.00000000000000
164.00000000000000
161.50000000000000
160.50000000000000
160.50000000000000
160.50000000000000
159.75000000000000
159.75000000000000
159.75000000000000
160.75000000000000
160.75000000000000
160.75000000000000
161.25000000000000
161.25000000000000
161.25000000000000
161.25000000000000
161.25000000000000
161.25000000000000
161.25000000000000
161.25000000000000
161.25000000000000
161.25000000000000
161.26904761904763
161.28809523809525
161.30714285714285
161.32619047619048
161.34523809523810
161.36428571428573
161.38333333333333
161.40238095238095
161.42142857142858
161.44047619047620
161.45952380952380
161.47857142857143
161.49761904761905
161.51666666666668
161.53571428571428
161.55476190476190
161.57380952380953
161.59285714285716
161.61190476190475
161.63095238095238
161.65000000000001
161.66904761904763
161.68809523809523
161.70714285714286
161.72619047619048
161.74523809523811
161.76428571428571
161.78333333333333
161.80238095238096
161.82142857142858
161.84047619047618
161.85952380952381
161.87857142857143
161.89761904761906
161.91666666666666
161.93571428571428
161.95476190476191
161.97380952380954
161.99285714285713
162.01190476190476
162.03095238095239
162.05000000000001
162.06904761904761
162.08809523809524
162.10714285714286
162.12619047619049
162.14523809523808
162.16428571428571
162.18333333333334
162.20238095238096
162.22142857142856
162.24047619047619
162.25952380952381
162.27857142857144
162.29761904761904
162.31666666666666
162.33571428571429
162.35476190476192
162.37380952380951
162.39285714285714
162.41190476190476
162.43095238095239
162.44999999999999
162.46904761904761
162.48809523809524
162.50714285714287
162.52619047619046
162.54523809523809
162.56428571428572
162.58333333333334
162.60238095238094
162.62142857142857
162.64047619047619
162.65952380952382
162.67857142857142
162.69761904761904
162.71666666666667
162.73571428571429
162.75476190476189
162.77380952380952
162.79285714285714
162.81190476190477
162.83095238095237
162.84999999999999
162.86904761904762
162.88809523809525
162.90714285714284
162.92619047619047
162.94523809523810
162.96428571428572
162.98333333333332
163.00238095238095
163.02142857142857
163.04047619047620
163.05952380952380
163.07857142857142
163.09761904761905
163.11666666666667
163.13571428571427
163.15476190476190
163.17380952380952
163.19285714285715
163.21190476190475
163.23095238095237
163.25000000000000
162.50000000000000
162.50000000000000
162.00000000000000
162.00000000000000
162.00000000000000
161.75000000000000
161.50000000000000
161.50000000000000
161.50000000000000
161.50000000000000
158.25000000000000
158.25000000000000
158.25000000000000
154.75000000000000
154.25000000000000
154.25000000000000
151.00000000000000
150.25000000000000
150.25000000000000
151.25000000000000
151.25000000000000
155.25000000000000
151.00000000000000
151.00000000000000
148.75000000000000
148.75000000000000
148.75000000000000
147.25000000000000
147.25000000000000
147.54310344827587
147.83620689655172
148.12931034482759
148.42241379310346
148.71551724137930
149.00862068965517
149.30172413793105
149.59482758620689
149.88793103448276
150.18103448275863
150.47413793103448
150.76724137931035
151.06034482758622
151.35344827586206
151.64655172413794
151.93965517241378
152.23275862068965
152.52586206896552
152.81896551724137
153.11206896551724
153.40517241379311
153.69827586206895
153.99137931034483
154.28448275862070
154.57758620689654
154.87068965517241
155.16379310344828
155.45689655172413
155.75000000000000
156.04310344827587
156.33620689655172
156.62931034482759
156.92241379310346
157.21551724137930
157.50862068965517
157.80172413793105
158.09482758620689
158.38793103448276
158.68103448275861
158.97413793103448
159.26724137931035
159.56034482758622
159.85344827586206
160.14655172413794
160.43965517241378
160.73275862068965
161.02586206896552
161.31896551724139
161.61206896551724
161.90517241379311
162.19827586206895
162.49137931034483
162.78448275862070
163.07758620689654
163.37068965517241
163.66379310344828
163.95689655172413
164.25000000000000
164.54310344827587
164.83620689655172
165.12931034482759
165.42241379310346
165.71551724137930
166.00862068965517
166.30172413793105
166.59482758620689
166.88793103448276
167.18103448275863
167.47413793103448
167.76724137931035
168.06034482758622
168.35344827586206
168.64655172413794
168.93965517241378
169.23275862068965
169.52586206896552
169.81896551724137
170.11206896551724
170.40517241379311
170.69827586206895
170.99137931034483
171.28448275862070
171.57758620689654
171.87068965517241
172.16379310344828
172.45689655172413
172.75000000000000
172.75000000000000
174.50000000000000
174.50000000000000
173.00000000000000
173.00000000000000
173.00000000000000
173.00000000000000
173.00000000000000
168.00000000000000
168.00000000000000
168.00000000000000
163.75000000000000
163.75000000000000
160.75000000000000
160.75000000000000
159.75000000000000
159.75000000000000
159.00000000000000
159.00000000000000
158.25000000000000
157.00000000000000
157.00000000000000
155.00000000000000
155.00000000000000
154.50000000000000
154.50000000000000
154.50000000000000
154.50000000000000
154.50000000000000
154.50000000000000
154.50000000000000
154.50000000000000
154.50000000000000
154.50000000000000
154.50000000000000
154.50000000000000
154.50000000000000
154.81818181818181
155.13636363636363
155.45454545454547
155.77272727272728
156.09090909090909
156.40909090909091
156.72727272727272
157.04545454545453
157.36363636363637
157.68181818181819
158.00000000000000
158.31818181818181
158.63636363636363
158.95454545454547
159.27272727272728
159.59090909090909
159.90909090909091
160.22727272727272
160.54545454545453
160.86363636363637
161.18181818181819
161.50000000000000
161.50000000000000
160.50000000000000
160.50000000000000
160.50000000000000
161.75000000000000
161.75000000000000
164.50000000000000
164.50000000000000
166.50000000000000
166.50000000000000
167.00000000000000
167.00000000000000
167.75000000000000
167.75000000000000
169.25000000000000
169.25000000000000
169.25000000000000
169.25000000000000
170.00000000000000
170.00000000000000
170.50000000000000
170.50000000000000
172.50000000000000
172.50000000000000
172.25000000000000
170.50000000000000
170.50000000000000
168.75000000000000
168.75000000000000
168.75000000000000
168.50000000000000
167.00000000000000
167.00000000000000
166.00000000000000
166.00000000000000
166.75000000000000
166.75000000000000
169.50000000000000
170.75000000000000
170.75000000000000
171.00000000000000
171.00000000000000
171.50000000000000
171.50000000000000
170.00000000000000
170.00000000000000
170.00000000000000
170.00000000000000
170.25000000000000
170.25000000000000
170.75000000000000
170.75000000000000
169.75000000000000
169.25000000000000
169.25000000000000
169.25000000000000
170.75000000000000
170.75000000000000
170.00000000000000
170.25000000000000
170.25000000000000
170.25000000000000
170.25000000000000
170.25000000000000
170.25000000000000
170.25000000000000
170.25000000000000
171.00000000000000
171.00000000000000
170.75000000000000
170.75000000000000
170.25000000000000
170.25000000000000
170.50000000000000
170.50000000000000
171.00000000000000
171.00000000000000
171.50000000000000
171.50000000000000
170.75000000000000
170.75000000000000
170.50000000000000
170.50000000000000
170.50000000000000
171.75000000000000
173.75000000000000
173.75000000000000
172.50000000000000
172.50000000000000
172.50000000000000
172.50000000000000
173.50000000000000
173.50000000000000
174.75000000000000
174.75000000000000
175.25000000000000
175.25000000000000
176.00000000000000
176.00000000000000
176.75000000000000
176.75000000000000
178.25000000000000
178.25000000000000
178.50000000000000
178.50000000000000
178.00000000000000
178.00000000000000
177.25000000000000
177.25000000000000
177.75000000000000
177.75000000000000
178.00000000000000
178.00000000000000
177.25000000000000
177.25000000000000
177.75000000000000
177.75000000000000
178.75000000000000
178.75000000000000
178.75000000000000
178.75000000000000
179.00000000000000
179.00000000000000
179.25000000000000
179.25000000000000
181.00000000000000
181.00000000000000
181.00000000000000
181.00000000000000
180.50000000000000
180.50000000000000
180.50000000000000
177.75000000000000
177.75000000000000
178.75000000000000
178.75000000000000
179.75000000000000
179.75000000000000
180.25000000000000
180.25000000000000
180.25000000000000
180.25000000000000
178.75000000000000
177.75000000000000
177.75000000000000
177.00000000000000
177.00000000000000
176.75000000000000
176.75000000000000
176.25000000000000
176.25000000000000
176.25000000000000
175.75000000000000
176.50000000000000
176.50000000000000
176.50000000000000
173.75000000000000
173.75000000000000
176.50000000000000
176.50000000000000
176.50000000000000
173.75000000000000
173.75000000000000
172.25000000000000
172.25000000000000
172.75000000000000
172.75000000000000
173.00000000000000
173.00000000000000
173.00000000000000
173.00000000000000
173.00000000000000
174.75000000000000
174.75000000000000
174.00000000000000
174.00000000000000
173.75000000000000
173.75000000000000
173.75000000000000
173.25000000000000
173.25000000000000
172.75000000000000
172.75000000000000
172.50000000000000
172.50000000000000
173.00000000000000
173.00000000000000
173.00000000000000
173.25000000000000
173.25000000000000
172.75000000000000
172.75000000000000
174.25000000000000
174.25000000000000
172.75000000000000
172.75000000000000
173.25000000000000
173.25000000000000
175.00000000000000
175.00000000000000
175.25000000000000
175.25000000000000
174.75000000000000
174.75000000000000
172.00000000000000
172.00000000000000
171.00000000000000
171.00000000000000
170.75000000000000
170.75000000000000
170.50000000000000
170.50000000000000
169.75000000000000
170.00000000000000
170.00000000000000
170.25000000000000
170.25000000000000
169.25000000000000
169.25000000000000
169.25000000000000
168.25000000000000
168.25000000000000
169.50000000000000
169.50000000000000
169.75000000000000
169.75000000000000
169.50000000000000
169.50000000000000
169.50000000000000
169.50000000000000
169.50000000000000
169.50000000000000
169.75000000000000
169.75000000000000
176.25000000000000
176.25000000000000
180.00000000000000
180.00000000000000
184.25000000000000
184.25000000000000
183.50000000000000
183.50000000000000
182.75000000000000
182.75000000000000
179.75000000000000
177.00000000000000
177.00000000000000
177.00000000000000
174.75000000000000
174.75000000000000
173.00000000000000
173.00000000000000
172.50000000000000
172.50000000000000
172.50000000000000
172.50000000000000
174.25000000000000
174.25000000000000
174.25000000000000
174.25000000000000
174.25000000000000
174.25000000000000
174.25000000000000
174.25000000000000
174.25000000000000
174.25000000000000
174.25000000000000
173.82499999999999
173.40000000000001
172.97499999999999
172.55000000000001
172.12500000000000
171.69999999999999
171.27500000000001
170.84999999999999
170.42500000000001
170.00000000000000
169.57499999999999
169.15000000000001
168.72499999999999
168.30000000000001
167.87500000000000
167.44999999999999
167.02500000000001
166.59999999999999
166.17500000000001
165.75000000000000
165.32499999999999
164.90000000000001
164.47499999999999
164.05000000000001
163.62500000000000
163.19999999999999
162.77500000000001
162.34999999999999
161.92500000000001
161.50000000000000
161.50000000000000
162.00000000000000
162.00000000000000
161.25000000000000
161.25000000000000
161.00000000000000
161.25000000000000
161.25000000000000
161.25000000000000
164.00000000000000
164.00000000000000
165.00000000000000
165.00000000000000
163.75000000000000
163.75000000000000
163.75000000000000
163.75000000000000
163.75000000000000
163.75000000000000
166.50000000000000
166.50000000000000
166.50000000000000
166.50000000000000
166.75000000000000
166.75000000000000
165.00000000000000
165.00000000000000
167.00000000000000
167.00000000000000
167.50000000000000
167.50000000000000
165.75000000000000
164.75000000000000
164.75000000000000
164.75000000000000
164.75000000000000
164.75000000000000
165.00000000000000
165.00000000000000
165.50000000000000
165.50000000000000
165.75000000000000
165.75000000000000
167.00000000000000
167.00000000000000
168.00000000000000
168.00000000000000
168.25000000000000
168.25000000000000
166.75000000000000
166.75000000000000
169.50000000000000
169.50000000000000
169.50000000000000
169.50000000000000
168.50000000000000
168.50000000000000
168.50000000000000
168.50000000000000
170.75000000000000
170.75000000000000
170.75000000000000
170.00000000000000
169.50000000000000
169.50000000000000
165.00000000000000
165.00000000000000
165.00000000000000
162.75000000000000
162.00000000000000
162.00000000000000
160.00000000000000
160.00000000000000
160.00000000000000
157.50000000000000
157.50000000000000
158.75000000000000
158.75000000000000
161.25000000000000
161.25000000000000
163.00000000000000
163.00000000000000
167.25000000000000
167.25000000000000
168.75000000000000
168.75000000000000
168.75000000000000
168.00000000000000
168.00000000000000
167.75000000000000
167.75000000000000
168.00000000000000
168.00000000000000
168.00000000000000
168.25000000000000
168.25000000000000
168.00000000000000
168.00000000000000
169.50000000000000
169.50000000000000
170.50000000000000
170.50000000000000
170.50000000000000
170.50000000000000
171.25000000000000
171.25000000000000
172.75000000000000
172.75000000000000
174.75000000000000
174.75000000000000
174.00000000000000
174.00000000000000
174.75000000000000
174.75000000000000
179.75000000000000
179.75000000000000
178.25000000000000
178.25000000000000
177.50000000000000
177.50000000000000
177.25000000000000
177.25000000000000
176.50000000000000
176.50000000000000
175.00000000000000
173.75000000000000
173.75000000000000
171.25000000000000
171.25000000000000
169.50000000000000
169.50000000000000
169.50000000000000
169.25000000000000
170.00000000000000
170.00000000000000
170.25000000000000
170.25000000000000
168.00000000000000
168.00000000000000
167.75000000000000
167.75000000000000
167.50000000000000
167.50000000000000
166.25000000000000
166.75000000000000
166.75000000000000
166.75000000000000
168.50000000000000
168.50000000000000
168.75000000000000
168.75000000000000
168.75000000000000
171.50000000000000
171.50000000000000
173.50000000000000
173.50000000000000
174.00000000000000
174.00000000000000
173.75000000000000
173.75000000000000
174.75000000000000
174.75000000000000
176.50000000000000
176.50000000000000
178.25000000000000
178.25000000000000
180.00000000000000
182.00000000000000
182.00000000000000
181.50000000000000
181.50000000000000
179.25000000000000
179.25000000000000
181.75000000000000
181.75000000000000
181.75000000000000
181.75000000000000
179.75000000000000
179.75000000000000
180.00000000000000
180.00000000000000
179.25000000000000
179.25000000000000
180.00000000000000
180.00000000000000
182.00000000000000
182.50000000000000
182.50000000000000
179.75000000000000
179.75000000000000
180.50000000000000
180.50000000000000
179.25000000000000
179.25000000000000
180.00000000000000
180.00000000000000
181.50000000000000
181.50000000000000
180.50000000000000
179.50000000000000
179.50000000000000
179.00000000000000
179.00000000000000
178.50000000000000
178.50000000000000
176.00000000000000
176.00000000000000
172.00000000000000
172.00000000000000
170.25000000000000
170.25000000000000
168.75000000000000
168.75000000000000
168.50000000000000
168.50000000000000
168.75000000000000
167.50000000000000
167.50000000000000
166.75000000000000
166.75000000000000
169.25000000000000
169.25000000000000
169.75000000000000
169.75000000000000
174.25000000000000
174.25000000000000
176.25000000000000
176.25000000000000
177.50000000000000
177.50000000000000
178.00000000000000
178.00000000000000
176.25000000000000
176.50000000000000
176.50000000000000
180.50000000000000
180.50000000000000
181.75000000000000
181.75000000000000
181.00000000000000
181.00000000000000
181.50000000000000
182.75000000000000
182.75000000000000
181.75000000000000
181.75000000000000
183.00000000000000
183.00000000000000
181.75000000000000
181.75000000000000
181.75000000000000
182.25000000000000
182.25000000000000
180.75000000000000
180.75000000000000
179.50000000000000
179.50000000000000
177.75000000000000
177.75000000000000
176.25000000000000
176.25000000000000
175.75000000000000
175.75000000000000
176.00000000000000
176.00000000000000
176.00000000000000
176.00000000000000
175.75000000000000
175.75000000000000
174.50000000000000
174.50000000000000
173.75000000000000
173.75000000000000
174.50000000000000
174.50000000000000
173.50000000000000
173.50000000000000
170.00000000000000
170.00000000000000
171.75000000000000
171.75000000000000
174.25000000000000
174.25000000000000
172.75000000000000
172.75000000000000
172.75000000000000
172.75000000000000
174.50000000000000
174.50000000000000
173.00000000000000
173.00000000000000
174.00000000000000
174.00000000000000
174.00000000000000
174.00000000000000
175.00000000000000
175.00000000000000
175.00000000000000
175.00000000000000
171.75000000000000
171.75000000000000
172.75000000000000
172.75000000000000
173.75000000000000
173.75000000000000
172.50000000000000
172.50000000000000
173.75000000000000
173.75000000000000
173.75000000000000
174.75000000000000
174.75000000000000
175.00000000000000
175.00000000000000
169.25000000000000
169.25000000000000
169.50000000000000
169.50000000000000
174.25000000000000
174.25000000000000
173.25000000000000
173.75000000000000
173.75000000000000
174.25000000000000
174.25000000000000
172.00000000000000
172.00000000000000
172.00000000000000
169.25000000000000
169.25000000000000
169.50000000000000
170.00000000000000
170.00000000000000
170.00000000000000
170.00000000000000
169.75000000000000
169.75000000000000
168.75000000000000
168.75000000000000
168.75000000000000
170.75000000000000
170.75000000000000
169.50000000000000
169.50000000000000
170.00000000000000
170.00000000000000
169.25000000000000
169.25000000000000
170.00000000000000
170.00000000000000
171.25000000000000
171.25000000000000
170.25000000000000
170.25000000000000
173.00000000000000
173.00000000000000
172.00000000000000
172.00000000000000
171.75000000000000
171.75000000000000
171.75000000000000
169.00000000000000
169.00000000000000
169.25000000000000
169.25000000000000
167.75000000000000
167.00000000000000
167.00000000000000
167.00000000000000
168.25000000000000
168.25000000000000
168.75000000000000
168.75000000000000
172.50000000000000
172.50000000000000
172.25000000000000
170.75000000000000
170.75000000000000
167.75000000000000
167.75000000000000
168.25000000000000
168.25000000000000
166.75000000000000
166.75000000000000
166.25000000000000
166.25000000000000
166.25000000000000
166.25000000000000
166.25000000000000
166.25000000000000
164.75000000000000
164.75000000000000
164.75000000000000
165.25000000000000
165.25000000000000
165.75000000000000
165.75000000000000
164.75000000000000
164.75000000000000
164.25000000000000
164.25000000000000
165.00000000000000
165.00000000000000
165.25000000000000
165.25000000000000
163.25000000000000
163.25000000000000
163.25000000000000
163.75000000000000
163.75000000000000
165.75000000000000
165.75000000000000
168.75000000000000
168.75000000000000
171.50000000000000
171.50000000000000
171.50000000000000
171.50000000000000
171.50000000000000
171.25000000000000
169.75000000000000
169.75000000000000
172.75000000000000
172.75000000000000
176.25000000000000
176.25000000000000
175.75000000000000
174.00000000000000
174.00000000000000
174.00000000000000
173.75000000000000
173.75000000000000
171.00000000000000
171.75000000000000
171.75000000000000
174.00000000000000
174.00000000000000
175.75000000000000
175.75000000000000
174.25000000000000
174.25000000000000
176.00000000000000
176.00000000000000
177.75000000000000
177.75000000000000
177.75000000000000
177.75000000000000
176.25000000000000
176.25000000000000
174.50000000000000
174.50000000000000
174.00000000000000
174.00000000000000
173.00000000000000
173.00000000000000
173.00000000000000
172.50000000000000
172.50000000000000
173.25000000000000
173.25000000000000
171.50000000000000
171.25000000000000
171.25000000000000
166.75000000000000
166.75000000000000
165.50000000000000
165.50000000000000
164.00000000000000
164.00000000000000
165.50000000000000
165.50000000000000
165.75000000000000
165.75000000000000
166.50000000000000
166.50000000000000
165.50000000000000
164.50000000000000
164.50000000000000
164.50000000000000
166.50000000000000
166.50000000000000
168.00000000000000
168.00000000000000
168.25000000000000
168.25000000000000
170.75000000000000
170.75000000000000
171.50000000000000
171.50000000000000
170.25000000000000
170.25000000000000
170.50000000000000
170.50000000000000
170.00000000000000
170.00000000000000
170.00000000000000
170.25000000000000
170.25000000000000
169.25000000000000
169.25000000000000
167.75000000000000
167.75000000000000
169.50000000000000
169.50000000000000
169.25000000000000
169.25000000000000
169.00000000000000
169.00000000000000
172.50000000000000
172.50000000000000
169.00000000000000
169.00000000000000
167.75000000000000
167.75000000000000
167.25000000000000
167.25000000000000
168.75000000000000
168.75000000000000
168.75000000000000
168.75000000000000
168.75000000000000
168.75000000000000
167.50000000000000
167.50000000000000
170.25000000000000
170.25000000000000
170.25000000000000
170.25000000000000
170.50000000000000
172.00000000000000
172.00000000000000
172.00000000000000
172.00000000000000
172.25000000000000
172.25000000000000
174.50000000000000
174.50000000000000
173.25000000000000
173.25000000000000
173.25000000000000
173.25000000000000
172.75000000000000
172.75000000000000
172.00000000000000
171.00000000000000
171.00000000000000
169.75000000000000
169.75000000000000
170.00000000000000
170.00000000000000
169.50000000000000
169.50000000000000
164.75000000000000
164.75000000000000
163.50000000000000
166.25000000000000
166.25000000000000
166.50000000000000
166.50000000000000
169.25000000000000
169.25000000000000
169.00000000000000
169.00000000000000
167.50000000000000
167.50000000000000
167.50000000000000
169.00000000000000
169.00000000000000
167.25000000000000
167.25000000000000
168.25000000000000
168.25000000000000
167.25000000000000
167.25000000000000
168.75000000000000
168.75000000000000
169.50000000000000
169.50000000000000
169.50000000000000
169.50000000000000
170.00000000000000
170.00000000000000
170.75000000000000
170.75000000000000
170.75000000000000
168.75000000000000
168.50000000000000
168.50000000000000
167.50000000000000
167.50000000000000
167.25000000000000
167.25000000000000
170.00000000000000
170.00000000000000
170.00000000000000
171.75000000000000
171.75000000000000
171.75000000000000
171.75000000000000
170.25000000000000
170.25000000000000
169.00000000000000
169.00000000000000
169.50000000000000
169.50000000000000
168.75000000000000
168.75000000000000
169.50000000000000
169.50000000000000
167.75000000000000
167.75000000000000
167.50000000000000
167.50000000000000
170.00000000000000
170.00000000000000
170.75000000000000
170.75000000000000
170.75000000000000
170.75000000000000
170.75000000000000
170.75000000000000
170.75000000000000
170.50000000000000
170.50000000000000
169.25000000000000
169.00000000000000
169.00000000000000
167.00000000000000
167.00000000000000
165.75000000000000
165.75000000000000
165.75000000000000
165.75000000000000
168.50000000000000
168.50000000000000
167.25000000000000
167.25000000000000
167.25000000000000
166.00000000000000
166.00000000000000
166.25000000000000
166.25000000000000
169.25000000000000
169.25000000000000
169.00000000000000
169.00000000000000
168.25000000000000
168.25000000000000
168.75000000000000
168.50000000000000
168.50000000000000
167.00000000000000
167.00000000000000
170.25000000000000
170.25000000000000
170.75000000000000
170.75000000000000
170.25000000000000
170.25000000000000
172.25000000000000
170.75000000000000
170.75000000000000
172.75000000000000
172.75000000000000
172.00000000000000
172.00000000000000
171.75000000000000
171.75000000000000
169.50000000000000
169.50000000000000
169.25000000000000
169.25000000000000
168.25000000000000
168.25000000000000
168.00000000000000
168.00000000000000
169.75000000000000
168.75000000000000
168.75000000000000
165.50000000000000
165.50000000000000
164.75000000000000
164.75000000000000
167.00000000000000
168.00000000000000
168.00000000000000
168.00000000000000
168.00000000000000
168.25000000000000
168.25000000000000
169.50000000000000
169.50000000000000
169.50000000000000
169.50000000000000
168.50000000000000
168.00000000000000
168.00000000000000
168.25000000000000
168.25000000000000
169.75000000000000
169.75000000000000
170.50000000000000
170.50000000000000
170.00000000000000
170.00000000000000
170.75000000000000
170.75000000000000
172.00000000000000
172.00000000000000
172.00000000000000
172.00000000000000
171.50000000000000
171.50000000000000
171.75000000000000
171.75000000000000
172.00000000000000
172.00000000000000
176.75000000000000
176.75000000000000
174.75000000000000
174.75000000000000
176.25000000000000
176.25000000000000
176.25000000000000
175.50000000000000
175.50000000000000
179.00000000000000
175.00000000000000
175.00000000000000
175.00000000000000
179.00000000000000
179.00000000000000
177.50000000000000
177.50000000000000
176.75000000000000
176.75000000000000
178.50000000000000
178.50000000000000
175.75000000000000
175.75000000000000
176.00000000000000
176.00000000000000
176.00000000000000
176.00000000000000
176.00000000000000
176.00000000000000
178.00000000000000
178.00000000000000
177.50000000000000
174.00000000000000
174.00000000000000
175.25000000000000
175.25000000000000
174.75000000000000
174.75000000000000
175.75000000000000
175.75000000000000
175.00000000000000
175.00000000000000
174.75000000000000
174.75000000000000
176.25000000000000
176.25000000000000
173.50000000000000
174.25000000000000
174.25000000000000
173.50000000000000
173.50000000000000
172.00000000000000
172.00000000000000
172.00000000000000
172.00000000000000
169.00000000000000
169.00000000000000
170.50000000000000
170.75000000000000
170.75000000000000
170.75000000000000
176.50000000000000
176.50000000000000
174.25000000000000
174.25000000000000
173.50000000000000
173.50000000000000
172.75000000000000
172.75000000000000
172.75000000000000
172.75000000000000
173.75000000000000
173.75000000000000
173.00000000000000
173.00000000000000
173.00000000000000
173.00000000000000
176.00000000000000
176.00000000000000
175.50000000000000
175.50000000000000
175.50000000000000
175.50000000000000
176.25000000000000
176.25000000000000
175.50000000000000
175.50000000000000
176.50000000000000
176.50000000000000
175.50000000000000
175.50000000000000
176.50000000000000
176.50000000000000
175.25000000000000
175.25000000000000
175.50000000000000
175.75000000000000
175.75000000000000
176.50000000000000
176.50000000000000
176.50000000000000
176.50000000000000
175.00000000000000
174.75000000000000
174.75000000000000
174.75000000000000
175.00000000000000
175.00000000000000
174.75000000000000
174.75000000000000
175.25000000000000
175.25000000000000
179.50000000000000
179.50000000000000
176.25000000000000
176.25000000000000
176.50000000000000
176.50000000000000
175.00000000000000
175.00000000000000
176.25000000000000
176.25000000000000
176.25000000000000
176.25000000000000
174.75000000000000
174.75000000000000
174.50000000000000
174.50000000000000
180.25000000000000
180.25000000000000
181.75000000000000
181.75000000000000
179.75000000000000
183.00000000000000
183.00000000000000
180.50000000000000
180.50000000000000
177.50000000000000
177.50000000000000
177.25000000000000
177.25000000000000
175.00000000000000
175.00000000000000
176.50000000000000
176.50000000000000
177.25000000000000
177.25000000000000
176.75000000000000
176.75000000000000
176.75000000000000
176.75000000000000
177.00000000000000
177.00000000000000
175.75000000000000
175.50000000000000
175.50000000000000
175.50000000000000
175.50000000000000
176.75000000000000
176.75000000000000
175.50000000000000
175.50000000000000
175.75000000000000
175.75000000000000
175.75000000000000
175.75000000000000
175.75000000000000
178.75000000000000
177.50000000000000
177.50000000000000
177.50000000000000
177.50000000000000
177.50000000000000
175.00000000000000
175.00000000000000
175.00000000000000
177.25000000000000
177.25000000000000
177.25000000000000
177.25000000000000
177.00000000000000
177.00000000000000
175.75000000000000
175.75000000000000
177.50000000000000
177.50000000000000
177.75000000000000
177.75000000000000
179.75000000000000
179.75000000000000
179.50000000000000
179.50000000000000
179.75000000000000
179.75000000000000
178.50000000000000
176.50000000000000
176.50000000000000
175.25000000000000
175.25000000000000
174.75000000000000
174.75000000000000
175.75000000000000
175.75000000000000
174.50000000000000
174.50000000000000
174.75000000000000
174.75000000000000
174.25000000000000
174.25000000000000
174.75000000000000
176.75000000000000
176.75000000000000
176.00000000000000
176.00000000000000
173.75000000000000
173.75000000000000
173.75000000000000
172.75000000000000
172.75000000000000
172.75000000000000
171.25000000000000
171.25000000000000
171.00000000000000
171.00000000000000
172.50000000000000
172.50000000000000
169.00000000000000
169.00000000000000
170.00000000000000
170.00000000000000
172.00000000000000
172.00000000000000
171.00000000000000
171.00000000000000
171.00000000000000
171.00000000000000
168.75000000000000
168.75000000000000
168.50000000000000
168.50000000000000
166.50000000000000
166.50000000000000
170.00000000000000
170.00000000000000
170.75000000000000
170.75000000000000
170.75000000000000
171.00000000000000
171.00000000000000
171.00000000000000
171.00000000000000
171.00000000000000
171.00000000000000
159.50000000000000
159.50000000000000
157.50000000000000
157.25000000000000
157.25000000000000
156.50000000000000
156.50000000000000
156.50000000000000
155.75000000000000
155.75000000000000
155.75000000000000
156.50000000000000
156.50000000000000
157.00000000000000
157.00000000000000
157.00000000000000
157.00000000000000
157.25000000000000
157.25000000000000
156.25000000000000
155.00000000000000
155.00000000000000
155.00000000000000
153.25000000000000
151.75000000000000
151.75000000000000
151.25000000000000
151.25000000000000
153.00000000000000
153.00000000000000
154.25000000000000
154.25000000000000
161.75000000000000
161.75000000000000
160.75000000000000
160.75000000000000
160.25000000000000
160.25000000000000
159.75000000000000
159.75000000000000
162.00000000000000
162.00000000000000
162.00000000000000
154.00000000000000
154.00000000000000
153.00000000000000
153.00000000000000
152.50000000000000
152.50000000000000
147.25000000000000
147.25000000000000
152.75000000000000
152.75000000000000
157.75000000000000
157.75000000000000
158.75000000000000
158.75000000000000
159.25000000000000
160.25000000000000
160.25000000000000
160.25000000000000
166.25000000000000
166.25000000000000
162.25000000000000
157.50000000000000
157.50000000000000
157.50000000000000
156.50000000000000
157.25000000000000
157.25000000000000
158.00000000000000
158.25000000000000
158.25000000000000
159.25000000000000
159.25000000000000
160.00000000000000
159.25000000000000
159.25000000000000
158.75000000000000
158.00000000000000
158.00000000000000
158.00000000000000
158.00000000000000
158.00000000000000
158.00000000000000
160.75000000000000
160.75000000000000
158.25000000000000
158.25000000000000
154.25000000000000
152.00000000000000
152.00000000000000
152.00000000000000
149.50000000000000
148.75000000000000
148.75000000000000
151.75000000000000
151.75000000000000
153.50000000000000
153.50000000000000
153.50000000000000
153.00000000000000
153.00000000000000
152.75000000000000
153.00000000000000
153.00000000000000
153.50000000000000
153.50000000000000
155.25000000000000
153.75000000000000
153.75000000000000
153.75000000000000
157.00000000000000
157.00000000000000
157.00000000000000
157.00000000000000
156.50000000000000
156.50000000000000
156.50000000000000
155.50000000000000
155.50000000000000
155.00000000000000
155.00000000000000
154.50000000000000
154.00000000000000
154.00000000000000
154.00000000000000
150.75000000000000
148.50000000000000
148.50000000000000
148.00000000000000
148.00000000000000
147.75000000000000
147.75000000000000
145.75000000000000
145.75000000000000
147.50000000000000
148.75000000000000
148.75000000000000
148.75000000000000
151.00000000000000
151.00000000000000
153.25000000000000
153.25000000000000
154.75000000000000
154.75000000000000
157.75000000000000
157.75000000000000
161.00000000000000
161.00000000000000
159.75000000000000
159.75000000000000
160.25000000000000
160.25000000000000
159.00000000000000
159.25000000000000
159.25000000000000
159.25000000000000
159.75000000000000
159.75000000000000
160.50000000000000
161.50000000000000
161.50000000000000
163.75000000000000
163.75000000000000
163.75000000000000
164.25000000000000
164.25000000000000
164.25000000000000
164.25000000000000
164.25000000000000
165.75000000000000
165.75000000000000
165.00000000000000
165.00000000000000
163.50000000000000
163.50000000000000
164.75000000000000
164.75000000000000
162.00000000000000
162.00000000000000
163.00000000000000
163.00000000000000
162.00000000000000
162.00000000000000
160.25000000000000
160.25000000000000
160.25000000000000
161.00000000000000
161.00000000000000
160.75000000000000
156.75000000000000
156.75000000000000
156.75000000000000
159.25000000000000
159.25000000000000
157.75000000000000
157.25000000000000
157.25000000000000
157.25000000000000
160.00000000000000
159.50000000000000
159.50000000000000
158.50000000000000
158.50000000000000
160.00000000000000
160.00000000000000
162.00000000000000
162.00000000000000
162.00000000000000
162.00000000000000
160.75000000000000
160.75000000000000
160.50000000000000
160.50000000000000
160.50000000000000
162.00000000000000
162.00000000000000
162.00000000000000
164.00000000000000
164.25000000000000
164.25000000000000
163.25000000000000
163.25000000000000
163.75000000000000
163.75000000000000
163.75000000000000
163.75000000000000
163.75000000000000
163.75000000000000
163.75000000000000
162.50000000000000
164.00000000000000
164.00000000000000
163.00000000000000
163.00000000000000
161.75000000000000
161.75000000000000
163.00000000000000
163.00000000000000
164.75000000000000
164.75000000000000
164.75000000000000
165.00000000000000
166.50000000000000
166.50000000000000
166.00000000000000
166.00000000000000
167.25000000000000
167.25000000000000
167.50000000000000
167.50000000000000
166.50000000000000
166.50000000000000
167.25000000000000
167.25000000000000
172.25000000000000
172.25000000000000
171.75000000000000
171.75000000000000
171.75000000000000
173.50000000000000
173.50000000000000
174.25000000000000
174.25000000000000
173.75000000000000
173.75000000000000
174.25000000000000
174.25000000000000
174.75000000000000
174.75000000000000
175.25000000000000
175.25000000000000
177.25000000000000
177.25000000000000
177.75000000000000
177.00000000000000
177.00000000000000
177.00000000000000
177.00000000000000
178.75000000000000
178.75000000000000
177.50000000000000
177.50000000000000
177.25000000000000
177.25000000000000
177.50000000000000
177.50000000000000
175.00000000000000
173.25000000000000
173.25000000000000
171.00000000000000
171.00000000000000
171.25000000000000
171.25000000000000
172.25000000000000
172.25000000000000
172.25000000000000
172.25000000000000
172.25000000000000
172.25000000000000
172.25000000000000
171.75000000000000
171.75000000000000
172.50000000000000
172.50000000000000
172.75000000000000
172.75000000000000
173.00000000000000
173.00000000000000
175.25000000000000
175.25000000000000
177.00000000000000
177.00000000000000
177.25000000000000
178.00000000000000
178.00000000000000
181.50000000000000
181.50000000000000
182.75000000000000
182.75000000000000
186.25000000000000
186.25000000000000
187.00000000000000
187.00000000000000
185.25000000000000
185.25000000000000
184.75000000000000
184.75000000000000
185.25000000000000
184.25000000000000
184.25000000000000
186.00000000000000
186.00000000000000
184.00000000000000
184.00000000000000
183.50000000000000
183.50000000000000
181.00000000000000
181.00000000000000
181.00000000000000
181.00000000000000
184.50000000000000
184.50000000000000
185.00000000000000
185.00000000000000
184.25000000000000
185.00000000000000
185.00000000000000
185.25000000000000
185.25000000000000
186.25000000000000
186.25000000000000
186.00000000000000
186.00000000000000
186.50000000000000
186.50000000000000
187.00000000000000
186.25000000000000
186.25000000000000
186.00000000000000
186.00000000000000
184.25000000000000
184.25000000000000
184.50000000000000
184.50000000000000
187.25000000000000
187.25000000000000
187.75000000000000
187.75000000000000
189.75000000000000
188.75000000000000
188.75000000000000
187.75000000000000
187.75000000000000
187.50000000000000
187.50000000000000
188.25000000000000
188.25000000000000
189.00000000000000
189.00000000000000
190.00000000000000
190.00000000000000
189.50000000000000
189.25000000000000
189.25000000000000
188.25000000000000
188.25000000000000
189.50000000000000
189.50000000000000
189.00000000000000
189.00000000000000
189.00000000000000
191.25000000000000
191.25000000000000
190.00000000000000
190.00000000000000
188.00000000000000
188.00000000000000
187.25000000000000
188.00000000000000
188.00000000000000
187.75000000000000
187.75000000000000
189.00000000000000
189.00000000000000
189.25000000000000
190.75000000000000
190.75000000000000
195.00000000000000
195.00000000000000
194.75000000000000
194.50000000000000
194.50000000000000
193.75000000000000
193.75000000000000
194.00000000000000
194.00000000000000
193.50000000000000
193.50000000000000
191.50000000000000
190.00000000000000
190.00000000000000
186.50000000000000
186.50000000000000
182.00000000000000
182.00000000000000
180.50000000000000
180.50000000000000
179.50000000000000
179.50000000000000
177.50000000000000
177.50000000000000
176.00000000000000
176.00000000000000
173.75000000000000
173.75000000000000
174.75000000000000
174.75000000000000
176.25000000000000
176.25000000000000
176.00000000000000
176.00000000000000
176.50000000000000
176.50000000000000
181.00000000000000
181.00000000000000
182.25000000000000
183.25000000000000
183.25000000000000
184.25000000000000
184.25000000000000
185.50000000000000
185.50000000000000
183.75000000000000
183.75000000000000
184.75000000000000
184.25000000000000
184.25000000000000
183.50000000000000
183.50000000000000
183.00000000000000
183.00000000000000
181.75000000000000
181.75000000000000
182.00000000000000
182.00000000000000
183.00000000000000
183.00000000000000
181.00000000000000
181.00000000000000
183.25000000000000
183.25000000000000
183.75000000000000
183.75000000000000
183.75000000000000
179.00000000000000
179.00000000000000
181.75000000000000
181.75000000000000
184.75000000000000
184.75000000000000
187.25000000000000
187.25000000000000
188.50000000000000
188.50000000000000
189.75000000000000
189.75000000000000
191.50000000000000
191.50000000000000
192.25000000000000
191.50000000000000
191.50000000000000
191.75000000000000
191.75000000000000
189.75000000000000
189.75000000000000
188.00000000000000
188.00000000000000
188.00000000000000
187.75000000000000
187.75000000000000
188.50000000000000
188.50000000000000
188.75000000000000
188.75000000000000
189.00000000000000
189.00000000000000
189.00000000000000
189.50000000000000
189.50000000000000
188.50000000000000
188.75000000000000
188.75000000000000
189.75000000000000
189.75000000000000
189.75000000000000
189.75000000000000
188.50000000000000
188.50000000000000
188.00000000000000
188.00000000000000
187.75000000000000
187.00000000000000
187.00000000000000
184.75000000000000
184.75000000000000
187.00000000000000
187.00000000000000
190.50000000000000
190.50000000000000
191.75000000000000
191.75000000000000
192.00000000000000
192.75000000000000
192.75000000000000
194.00000000000000
194.00000000000000
194.25000000000000
194.25000000000000
195.75000000000000
196.50000000000000
196.50000000000000
199.25000000000000
199.25000000000000
199.50000000000000
199.25000000000000
199.25000000000000
198.00000000000000
198.00000000000000
198.00000000000000
196.25000000000000
196.25000000000000
196.75000000000000
196.75000000000000
195.50000000000000
195.50000000000000
195.50000000000000
197.00000000000000
197.00000000000000
197.00000000000000
196.00000000000000
196.00000000000000
196.00000000000000
197.25000000000000
197.25000000000000
198.00000000000000
198.00000000000000
197.75000000000000
197.75000000000000
197.75000000000000
196.50000000000000
196.50000000000000
196.25000000000000
196.00000000000000
196.00000000000000
193.50000000000000
193.50000000000000
195.00000000000000
195.00000000000000
195.00000000000000
193.25000000000000
193.25000000000000
192.50000000000000
192.50000000000000
192.50000000000000
192.00000000000000
192.00000000000000
189.75000000000000
189.75000000000000
190.00000000000000
190.00000000000000
189.50000000000000
189.50000000000000
189.50000000000000
189.25000000000000
189.25000000000000
189.00000000000000
189.00000000000000
190.00000000000000
191.75000000000000
191.75000000000000
191.25000000000000
191.25000000000000
194.50000000000000
194.50000000000000
194.75000000000000
194.25000000000000
194.25000000000000
194.25000000000000
194.25000000000000
194.25000000000000
193.75000000000000
193.75000000000000
193.75000000000000
193.75000000000000
194.25000000000000
194.25000000000000
195.00000000000000
195.00000000000000
195.00000000000000
195.50000000000000
195.50000000000000
195.00000000000000
195.00000000000000
195.00000000000000
195.00000000000000
195.00000000000000
194.75000000000000
194.75000000000000
194.00000000000000
195.50000000000000
195.50000000000000
196.50000000000000
196.50000000000000
196.25000000000000
198.00000000000000
198.00000000000000
199.00000000000000
200.00000000000000
200.00000000000000
198.00000000000000
198.00000000000000
197.50000000000000
197.50000000000000
198.00000000000000
196.75000000000000
196.75000000000000
196.75000000000000
196.75000000000000
197.25000000000000
197.50000000000000
197.50000000000000
197.50000000000000
197.50000000000000
198.25000000000000
199.00000000000000
199.00000000000000
198.50000000000000
198.50000000000000
198.25000000000000
198.25000000000000
198.75000000000000
198.50000000000000
198.50000000000000
198.25000000000000
198.25000000000000
198.25000000000000
197.75000000000000
197.75000000000000
197.50000000000000
197.50000000000000
197.00000000000000
197.50000000000000
197.50000000000000
196.75000000000000
196.75000000000000
196.00000000000000
196.00000000000000
196.50000000000000
196.75000000000000
196.75000000000000
196.25000000000000
196.25000000000000
196.25000000000000
195.50000000000000
195.50000000000000
195.00000000000000
195.00000000000000
195.00000000000000
194.50000000000000
194.50000000000000
195.75000000000000
195.75000000000000
196.00000000000000
195.50000000000000
195.50000000000000
196.25000000000000
196.25000000000000
197.25000000000000
197.25000000000000
196.25000000000000
197.00000000000000
197.00000000000000
197.25000000000000
197.25000000000000
197.75000000000000
197.75000000000000
197.00000000000000
197.75000000000000
197.75000000000000
197.00000000000000
197.00000000000000
197.00000000000000
197.00000000000000
198.25000000000000
198.50000000000000
198.50000000000000
198.75000000000000
199.00000000000000
199.00000000000000
199.50000000000000
199.50000000000000
199.75000000000000
200.25000000000000
200.25000000000000
199.50000000000000
199.50000000000000
199.00000000000000
199.00000000000000
199.75000000000000
200.75000000000000
200.75000000000000
201.50000000000000
201.75000000000000
201.75000000000000
202.00000000000000
202.00000000000000
200.00000000000000
200.00000000000000
200.00000000000000
200.75000000000000
200.75000000000000
201.00000000000000
201.00000000000000
203.25000000000000
202.75000000000000
202.75000000000000
202.50000000000000
203.25000000000000
203.25000000000000
203.00000000000000
203.00000000000000
204.25000000000000
204.25000000000000
205.25000000000000
205.25000000000000
204.50000000000000
204.50000000000000
205.75000000000000
206.25000000000000
206.25000000000000
206.75000000000000
206.25000000000000
206.25000000000000
205.50000000000000
205.50000000000000
205.50000000000000
206.00000000000000
206.00000000000000
204.00000000000000
204.00000000000000
203.00000000000000
202.25000000000000
202.25000000000000
201.50000000000000
201.50000000000000
200.50000000000000
199.00000000000000
199.00000000000000
199.50000000000000
199.50000000000000
198.75000000000000
199.50000000000000
199.50000000000000
198.75000000000000
198.75000000000000
199.25000000000000
199.75000000000000
199.75000000000000
198.25000000000000
198.25000000000000
199.00000000000000
199.00000000000000
198.75000000000000
199.00000000000000
199.00000000000000
199.50000000000000
199.50000000000000
199.75000000000000
200.25000000000000
200.25000000000000
200.00000000000000
200.00000000000000
200.50000000000000
200.75000000000000
200.75000000000000
200.75000000000000
200.75000000000000
200.25000000000000
199.75000000000000
199.75000000000000
200.25000000000000
200.25000000000000
200.50000000000000
200.50000000000000
200.50000000000000
200.75000000000000
200.75000000000000
203.50000000000000
202.50000000000000
202.50000000000000
201.50000000000000
201.50000000000000
200.00000000000000
200.00000000000000
200.00000000000000
198.75000000000000
198.75000000000000
197.00000000000000
197.00000000000000
197.75000000000000
198.00000000000000
198.00000000000000
197.25000000000000
197.25000000000000
198.25000000000000
197.75000000000000
197.75000000000000
197.25000000000000
197.25000000000000
188.25000000000000
188.25000000000000
193.00000000000000
193.00000000000000
196.00000000000000
197.25000000000000
197.25000000000000
194.75000000000000
194.75000000000000
196.25000000000000
197.25000000000000
197.25000000000000
197.50000000000000
197.50000000000000
197.75000000000000
197.75000000000000
197.75000000000000
198.75000000000000
198.75000000000000
198.00000000000000
198.50000000000000
198.50000000000000
198.50000000000000
198.50000000000000
197.00000000000000
197.00000000000000
197.75000000000000
197.25000000000000
197.25000000000000
200.00000000000000
200.00000000000000
201.75000000000000
199.50000000000000
199.50000000000000
198.75000000000000
198.75000000000000
198.75000000000000
199.00000000000000
199.00000000000000
198.25000000000000
198.25000000000000
197.50000000000000
198.50000000000000
198.50000000000000
200.50000000000000
200.50000000000000
199.75000000000000
198.75000000000000
198.75000000000000
199.25000000000000
199.25000000000000
199.50000000000000
199.00000000000000
199.00000000000000
199.75000000000000
199.75000000000000
196.75000000000000
196.75000000000000
199.25000000000000
201.25000000000000
201.25000000000000
201.50000000000000
198.25000000000000
198.25000000000000
196.25000000000000
196.25000000000000
198.00000000000000
200.00000000000000
200.00000000000000
199.00000000000000
199.00000000000000
198.00000000000000
198.00000000000000
196.00000000000000
195.00000000000000
195.00000000000000
196.25000000000000
196.25000000000000
197.00000000000000
197.00000000000000
198.25000000000000
197.25000000000000
197.25000000000000
192.25000000000000
192.25000000000000
189.75000000000000
191.25000000000000
191.25000000000000
194.25000000000000
191.75000000000000
191.75000000000000
187.50000000000000
187.50000000000000
185.75000000000000
185.75000000000000
185.50000000000000
185.50000000000000
190.75000000000000
190.75000000000000
191.00000000000000
189.75000000000000
189.75000000000000
188.50000000000000
188.50000000000000
187.25000000000000
187.25000000000000
187.50000000000000
187.25000000000000
187.25000000000000
187.25000000000000
187.25000000000000
186.00000000000000
186.00000000000000
185.00000000000000
185.00000000000000
187.50000000000000
186.75000000000000
186.75000000000000
186.50000000000000
186.50000000000000
185.50000000000000
185.50000000000000
186.75000000000000
186.75000000000000
187.00000000000000
187.00000000000000
186.50000000000000
186.75000000000000
186.75000000000000
189.00000000000000
189.00000000000000
189.50000000000000
189.50000000000000
190.25000000000000
189.50000000000000
189.50000000000000
189.25000000000000
189.25000000000000
190.00000000000000
190.00000000000000
189.50000000000000
189.50000000000000
189.75000000000000
189.75000000000000
190.25000000000000
190.50000000000000
190.50000000000000
191.50000000000000
191.50000000000000
192.50000000000000
192.50000000000000
191.00000000000000
191.00000000000000
191.00000000000000
189.75000000000000
189.75000000000000
189.00000000000000
189.00000000000000
190.75000000000000
190.75000000000000
189.00000000000000
189.00000000000000
189.00000000000000
190.75000000000000
189.50000000000000
189.50000000000000
187.75000000000000
187.75000000000000
186.00000000000000
186.00000000000000
182.50000000000000
182.75000000000000
182.75000000000000
182.00000000000000
182.00000000000000
181.50000000000000
181.50000000000000
178.75000000000000
178.75000000000000
178.75000000000000
183.00000000000000
183.00000000000000
183.25000000000000
183.25000000000000
181.25000000000000
181.25000000000000
178.75000000000000
178.75000000000000
178.50000000000000
178.50000000000000
178.00000000000000
178.00000000000000
178.25000000000000
178.25000000000000
177.00000000000000
177.00000000000000
175.00000000000000
175.00000000000000
172.50000000000000
172.50000000000000
172.00000000000000
172.00000000000000
172.00000000000000
172.00000000000000
173.50000000000000
173.50000000000000
174.50000000000000
174.50000000000000
172.25000000000000
172.25000000000000
172.00000000000000
172.00000000000000
170.75000000000000
170.75000000000000
170.25000000000000
170.25000000000000
171.00000000000000
171.00000000000000
168.25000000000000
167.50000000000000
167.50000000000000
167.50000000000000
168.00000000000000
168.00000000000000
167.25000000000000
167.75000000000000
167.75000000000000
167.75000000000000
168.00000000000000
168.00000000000000
168.00000000000000
168.00000000000000
168.00000000000000
168.00000000000000
168.00000000000000
168.00000000000000
166.85714285714286
165.71428571428572
164.57142857142858
163.42857142857142
162.28571428571428
161.14285714285714
160.00000000000000
160.00000000000000
160.00000000000000
160.00000000000000
160.50000000000000
160.50000000000000
161.50000000000000
161.50000000000000
161.50000000000000
163.00000000000000
163.50000000000000
163.50000000000000
160.75000000000000
160.75000000000000
163.00000000000000
163.00000000000000
160.25000000000000
160.25000000000000
159.50000000000000
159.50000000000000
163.75000000000000
163.75000000000000
171.25000000000000
171.75000000000000
171.75000000000000
171.75000000000000
172.25000000000000
172.25000000000000
172.25000000000000
164.75000000000000
164.75000000000000
164.75000000000000
160.50000000000000
161.25000000000000
161.25000000000000
162.50000000000000
162.50000000000000
167.75000000000000
167.75000000000000
169.75000000000000
169.75000000000000
169.75000000000000
160.00000000000000
160.00000000000000
163.25000000000000
163.25000000000000
165.25000000000000
165.25000000000000
166.75000000000000
166.75000000000000
165.75000000000000
165.75000000000000
164.00000000000000
164.00000000000000
164.50000000000000
164.75000000000000
164.75000000000000
164.75000000000000
168.00000000000000
168.00000000000000
168.50000000000000
168.50000000000000
169.00000000000000
169.00000000000000
167.50000000000000
167.50000000000000
169.75000000000000
169.75000000000000
170.50000000000000
170.50000000000000
171.00000000000000
171.00000000000000
173.50000000000000
173.50000000000000
174.00000000000000
174.00000000000000
175.00000000000000
175.00000000000000
177.25000000000000
177.25000000000000
177.00000000000000
177.00000000000000
177.00000000000000
177.00000000000000
179.25000000000000
179.25000000000000
180.00000000000000
180.00000000000000
180.50000000000000
180.50000000000000
179.25000000000000
179.25000000000000
179.25000000000000
179.25000000000000
178.50000000000000
178.50000000000000
178.75000000000000
178.75000000000000
177.75000000000000
177.75000000000000
178.25000000000000
178.25000000000000
179.25000000000000
179.25000000000000
179.00000000000000
179.00000000000000
179.75000000000000
179.75000000000000
179.25000000000000
178.75000000000000
178.75000000000000
178.00000000000000
178.00000000000000
178.00000000000000
178.00000000000000
178.50000000000000
179.25000000000000
179.25000000000000
180.00000000000000
180.00000000000000
181.00000000000000
181.00000000000000
184.25000000000000
184.25000000000000
180.25000000000000
180.25000000000000
180.25000000000000
180.25000000000000
176.50000000000000
176.50000000000000
179.75000000000000
179.75000000000000
180.50000000000000
180.50000000000000
179.25000000000000
179.25000000000000
178.50000000000000
178.50000000000000
180.50000000000000
180.50000000000000
181.50000000000000
181.50000000000000
181.25000000000000
179.25000000000000
179.25000000000000
180.00000000000000
180.00000000000000
180.25000000000000
180.25000000000000
179.50000000000000
179.50000000000000
180.25000000000000
180.25000000000000
179.00000000000000
179.00000000000000
178.25000000000000
178.25000000000000
178.00000000000000
178.00000000000000
178.00000000000000
178.00000000000000
180.00000000000000
180.00000000000000
180.75000000000000
180.75000000000000
180.75000000000000
180.75000000000000
179.00000000000000
179.00000000000000
180.25000000000000
180.25000000000000
179.50000000000000
179.50000000000000
181.75000000000000
181.75000000000000
181.75000000000000
181.75000000000000
181.75000000000000
181.75000000000000
181.75000000000000
181.75000000000000
181.00000000000000
181.00000000000000
181.25000000000000
181.25000000000000
181.25000000000000
181.25000000000000
181.00000000000000
181.00000000000000
183.00000000000000
183.00000000000000
184.25000000000000
185.00000000000000
185.00000000000000
185.00000000000000
185.00000000000000
184.25000000000000
184.50000000000000
184.50000000000000
184.50000000000000
184.50000000000000
184.00000000000000
184.00000000000000
184.75000000000000
184.75000000000000
187.25000000000000
188.00000000000000
188.00000000000000
187.75000000000000
187.75000000000000
188.25000000000000
188.25000000000000
189.00000000000000
189.00000000000000
188.75000000000000
188.75000000000000
188.75000000000000
189.25000000000000
189.25000000000000
188.75000000000000
188.75000000000000
189.75000000000000
189.75000000000000
189.75000000000000
190.00000000000000
190.00000000000000
191.25000000000000
191.25000000000000
190.75000000000000
190.75000000000000
190.75000000000000
191.25000000000000
191.25000000000000
192.50000000000000
192.50000000000000
193.00000000000000
193.00000000000000
193.75000000000000
193.75000000000000
193.75000000000000
193.50000000000000
193.50000000000000
193.75000000000000
193.75000000000000
193.75000000000000
193.75000000000000
193.75000000000000
194.75000000000000
194.75000000000000
194.25000000000000
194.25000000000000
194.75000000000000
194.75000000000000
194.75000000000000
190.00000000000000
190.00000000000000
193.75000000000000
193.75000000000000
195.25000000000000
195.50000000000000
195.50000000000000
195.75000000000000
195.75000000000000
195.75000000000000
197.25000000000000
197.25000000000000
197.25000000000000
197.25000000000000
196.50000000000000
196.50000000000000
196.75000000000000
195.25000000000000
195.25000000000000
197.25000000000000
197.25000000000000
198.00000000000000
198.00000000000000
198.00000000000000
197.50000000000000
197.50000000000000
196.75000000000000
196.75000000000000
196.75000000000000
197.00000000000000
197.00000000000000
195.50000000000000
195.50000000000000
196.25000000000000
196.25000000000000
197.75000000000000
198.00000000000000
198.00000000000000
198.50000000000000
199.25000000000000
199.25000000000000
199.75000000000000
199.75000000000000
200.00000000000000
200.50000000000000
200.50000000000000
198.50000000000000
198.50000000000000
198.75000000000000
198.75000000000000
199.50000000000000
201.00000000000000
201.00000000000000
199.00000000000000
199.00000000000000
199.50000000000000
200.50000000000000
200.50000000000000
202.50000000000000
202.50000000000000
200.25000000000000
199.00000000000000
199.00000000000000
199.75000000000000
199.75000000000000
200.75000000000000
201.00000000000000
201.00000000000000
199.50000000000000
199.50000000000000
199.25000000000000
199.50000000000000
199.50000000000000
199.75000000000000
199.75000000000000
201.25000000000000
200.50000000000000
200.50000000000000
199.25000000000000
199.25000000000000
198.25000000000000
198.75000000000000
198.75000000000000
198.25000000000000
198.25000000000000
198.25000000000000
199.00000000000000
199.00000000000000
198.75000000000000
198.75000000000000
198.25000000000000
198.25000000000000
198.75000000000000
198.75000000000000
198.75000000000000
198.00000000000000
198.00000000000000
199.00000000000000
198.75000000000000
198.75000000000000
199.25000000000000
199.25000000000000
199.25000000000000
200.25000000000000
200.25000000000000
198.50000000000000
198.50000000000000
198.50000000000000
198.50000000000000
199.00000000000000
197.50000000000000
197.50000000000000
197.00000000000000
197.00000000000000
197.00000000000000
195.50000000000000
195.50000000000000
193.50000000000000
193.50000000000000
191.50000000000000
191.50000000000000
189.25000000000000
189.25000000000000
187.25000000000000
186.00000000000000
186.00000000000000
187.75000000000000
187.75000000000000
188.25000000000000
189.00000000000000
189.00000000000000
187.75000000000000
187.75000000000000
186.50000000000000
186.50000000000000
187.50000000000000
187.50000000000000
192.75000000000000
193.25000000000000
193.25000000000000
191.75000000000000
191.75000000000000
192.00000000000000
192.00000000000000
193.75000000000000
193.75000000000000
193.75000000000000
193.75000000000000
193.75000000000000
194.25000000000000
194.25000000000000
195.75000000000000
196.25000000000000
196.25000000000000
197.25000000000000
197.25000000000000
198.25000000000000
197.25000000000000
197.25000000000000
197.25000000000000
197.25000000000000
197.00000000000000
197.00000000000000
196.50000000000000
195.25000000000000
195.25000000000000
195.75000000000000
197.00000000000000
197.00000000000000
197.75000000000000
197.75000000000000
198.50000000000000
199.00000000000000
199.00000000000000
199.25000000000000
199.25000000000000
199.50000000000000
200.25000000000000
200.25000000000000
202.25000000000000
202.25000000000000
200.75000000000000
201.50000000000000
201.50000000000000
202.00000000000000
202.00000000000000
202.50000000000000
202.50000000000000
202.50000000000000
202.50000000000000
202.50000000000000
202.50000000000000
202.75000000000000
202.75000000000000
203.25000000000000
203.25000000000000
203.75000000000000
203.25000000000000
203.25000000000000
203.25000000000000
204.00000000000000
204.00000000000000
204.00000000000000
204.00000000000000
204.50000000000000
203.00000000000000
203.00000000000000
205.00000000000000
205.00000000000000
205.25000000000000
205.25000000000000
205.25000000000000
205.50000000000000
204.75000000000000
204.75000000000000
204.25000000000000
204.25000000000000
204.50000000000000
205.75000000000000
205.75000000000000
205.75000000000000
205.75000000000000
205.00000000000000
202.50000000000000
202.50000000000000
204.75000000000000
204.75000000000000
207.00000000000000
207.50000000000000
207.50000000000000
205.50000000000000
205.50000000000000
205.00000000000000
206.25000000000000
206.25000000000000
206.75000000000000
203.25000000000000
203.25000000000000
203.50000000000000
203.50000000000000
204.75000000000000
205.25000000000000
205.25000000000000
205.75000000000000
205.75000000000000
207.50000000000000
207.00000000000000
207.00000000000000
208.00000000000000
207.25000000000000
207.25000000000000
205.75000000000000
205.75000000000000
206.00000000000000
207.00000000000000
207.00000000000000
207.25000000000000
207.25000000000000
206.00000000000000
205.00000000000000
205.00000000000000
206.00000000000000
206.00000000000000
205.00000000000000
204.25000000000000
204.25000000000000
204.75000000000000
204.75000000000000
204.75000000000000
204.50000000000000
204.50000000000000
204.50000000000000
202.00000000000000
202.00000000000000
201.00000000000000
201.00000000000000
202.50000000000000
203.00000000000000
203.00000000000000
203.00000000000000
203.00000000000000
202.50000000000000
201.75000000000000
201.75000000000000
200.75000000000000
200.75000000000000
200.75000000000000
200.75000000000000
202.00000000000000
203.75000000000000
203.75000000000000
203.75000000000000
203.25000000000000
203.25000000000000
204.25000000000000
204.25000000000000
205.00000000000000
205.25000000000000
205.25000000000000
206.25000000000000
206.25000000000000
207.00000000000000
207.00000000000000
207.00000000000000
207.00000000000000
208.25000000000000
208.25000000000000
209.00000000000000
207.50000000000000
207.50000000000000
208.25000000000000
208.25000000000000
208.25000000000000
208.75000000000000
208.75000000000000
209.00000000000000
209.25000000000000
209.25000000000000
209.00000000000000
209.00000000000000
209.75000000000000
210.00000000000000
210.00000000000000
209.25000000000000
210.25000000000000
210.25000000000000
210.75000000000000
210.75000000000000
211.25000000000000
210.50000000000000
210.50000000000000
210.50000000000000
211.00000000000000
211.00000000000000
211.00000000000000
211.00000000000000
210.75000000000000
210.75000000000000
210.75000000000000
211.25000000000000
211.75000000000000
211.75000000000000
210.75000000000000
213.00000000000000
213.00000000000000
213.75000000000000
213.75000000000000
212.25000000000000
210.75000000000000
210.75000000000000
210.25000000000000
210.75000000000000
210.75000000000000
211.75000000000000
212.00000000000000
212.00000000000000
212.00000000000000
212.00000000000000
211.50000000000000
212.00000000000000
212.00000000000000
212.00000000000000
211.50000000000000
211.50000000000000
210.50000000000000
211.75000000000000
211.75000000000000
212.25000000000000
212.25000000000000
212.50000000000000
212.50000000000000
212.50000000000000
212.75000000000000
212.25000000000000
212.25000000000000
211.50000000000000
211.00000000000000
211.00000000000000
211.25000000000000
211.25000000000000
212.00000000000000
212.00000000000000
212.00000000000000
211.25000000000000
211.25000000000000
211.25000000000000
210.75000000000000
211.25000000000000
211.25000000000000
212.75000000000000
212.75000000000000
213.00000000000000
212.50000000000000
212.50000000000000
213.25000000000000
212.50000000000000
212.50000000000000
210.50000000000000
209.50000000000000
209.50000000000000
210.25000000000000
210.00000000000000
210.00000000000000
212.00000000000000
212.00000000000000
213.25000000000000
212.25000000000000
212.25000000000000
212.00000000000000
212.00000000000000
212.00000000000000
211.50000000000000
210.75000000000000
210.75000000000000
211.00000000000000
211.00000000000000
211.50000000000000
212.00000000000000
212.00000000000000
211.75000000000000
211.00000000000000
211.00000000000000
211.25000000000000
211.25000000000000
212.75000000000000
212.25000000000000
212.25000000000000
212.00000000000000
211.25000000000000
211.25000000000000
212.25000000000000
210.50000000000000
210.50000000000000
210.50000000000000
210.50000000000000
211.25000000000000
211.25000000000000
211.25000000000000
210.75000000000000
210.50000000000000
210.50000000000000
210.50000000000000
211.00000000000000
211.00000000000000
211.00000000000000
210.75000000000000
210.75000000000000
210.25000000000000
210.25000000000000
210.25000000000000
210.75000000000000
210.75000000000000
210.25000000000000
209.25000000000000
209.25000000000000
209.00000000000000
209.00000000000000
208.25000000000000
208.25000000000000
208.25000000000000
210.00000000000000
210.00000000000000
210.00000000000000
207.50000000000000
207.50000000000000
208.00000000000000
208.25000000000000
208.25000000000000
207.75000000000000
208.00000000000000
208.00000000000000
208.25000000000000
208.25000000000000
207.25000000000000
207.75000000000000
207.75000000000000
208.25000000000000
208.25000000000000
208.25000000000000
207.75000000000000
207.75000000000000
207.75000000000000
206.75000000000000
206.75000000000000
207.50000000000000
207.50000000000000
208.00000000000000
204.25000000000000
204.25000000000000
204.00000000000000
204.00000000000000
205.25000000000000
205.50000000000000
205.50000000000000
206.25000000000000
206.50000000000000
206.50000000000000
206.50000000000000
206.50000000000000
206.00000000000000
206.00000000000000
206.00000000000000
205.25000000000000
205.25000000000000
205.50000000000000
206.25000000000000
206.25000000000000
205.25000000000000
204.50000000000000
204.50000000000000
206.50000000000000
206.50000000000000
207.25000000000000
206.50000000000000
206.50000000000000
205.50000000000000
204.75000000000000
204.75000000000000
205.25000000000000
205.25000000000000
204.50000000000000
203.25000000000000
203.25000000000000
203.00000000000000
203.00000000000000
203.75000000000000
203.75000000000000
203.75000000000000
200.75000000000000
200.75000000000000
200.25000000000000
201.25000000000000
201.25000000000000
202.50000000000000
202.50000000000000
203.25000000000000
202.00000000000000
202.00000000000000
202.25000000000000
202.25000000000000
202.75000000000000
204.75000000000000
204.75000000000000
206.00000000000000
206.00000000000000
204.25000000000000
204.25000000000000
204.25000000000000
204.25000000000000
204.25000000000000
204.75000000000000
204.50000000000000
204.50000000000000
203.75000000000000
204.50000000000000
204.50000000000000
203.75000000000000
203.75000000000000
203.75000000000000
204.50000000000000
204.50000000000000
205.00000000000000
205.00000000000000
205.25000000000000
203.50000000000000
203.50000000000000
204.00000000000000
204.25000000000000
204.25000000000000
202.50000000000000
202.50000000000000
202.50000000000000
202.75000000000000
202.75000000000000
204.00000000000000
204.00000000000000
205.00000000000000
205.25000000000000
205.25000000000000
204.50000000000000
204.50000000000000
204.25000000000000
202.00000000000000
202.00000000000000
203.75000000000000
203.75000000000000
205.50000000000000
206.00000000000000
206.00000000000000
205.25000000000000
204.00000000000000
204.00000000000000
204.75000000000000
204.75000000000000
202.75000000000000
203.25000000000000
203.25000000000000
204.00000000000000
204.00000000000000
204.25000000000000
202.00000000000000
202.00000000000000
204.00000000000000
204.50000000000000
204.50000000000000
204.00000000000000
204.00000000000000
204.00000000000000
203.50000000000000
203.50000000000000
204.75000000000000
204.75000000000000
204.75000000000000
203.00000000000000
203.00000000000000
201.75000000000000
201.75000000000000
202.00000000000000
199.75000000000000
199.75000000000000
200.50000000000000
200.50000000000000
200.75000000000000
200.25000000000000
200.25000000000000
199.00000000000000
199.00000000000000
199.00000000000000
201.25000000000000
201.25000000000000
202.25000000000000
202.25000000000000
201.75000000000000
202.50000000000000
202.50000000000000
201.75000000000000
201.75000000000000
201.50000000000000
200.75000000000000
200.75000000000000
199.50000000000000
199.50000000000000
202.75000000000000
202.50000000000000
202.50000000000000
202.50000000000000
202.50000000000000
202.50000000000000
201.75000000000000
201.75000000000000
201.25000000000000
201.25000000000000
201.75000000000000
201.75000000000000
202.25000000000000
202.25000000000000
202.25000000000000
202.50000000000000
202.75000000000000
202.75000000000000
202.00000000000000
202.00000000000000
202.00000000000000
202.75000000000000
202.75000000000000
203.25000000000000
203.25000000000000
203.25000000000000
204.00000000000000
204.00000000000000
204.50000000000000
204.50000000000000
206.00000000000000
205.00000000000000
205.00000000000000
202.00000000000000
202.00000000000000
202.75000000000000
203.00000000000000
203.00000000000000
203.50000000000000
203.50000000000000
203.25000000000000
202.75000000000000
202.75000000000000
202.50000000000000
202.50000000000000
202.50000000000000
203.50000000000000
203.50000000000000
204.00000000000000
201.75000000000000
201.75000000000000
200.25000000000000
195.25000000000000
195.25000000000000
199.25000000000000
199.25000000000000
201.75000000000000
201.75000000000000
204.00000000000000
203.00000000000000
203.00000000000000
202.25000000000000
204.50000000000000
204.50000000000000
205.50000000000000
205.50000000000000
206.50000000000000
206.75000000000000
206.75000000000000
207.00000000000000
207.00000000000000
205.75000000000000
206.25000000000000
206.25000000000000
206.00000000000000
206.00000000000000
205.75000000000000
205.75000000000000
205.75000000000000
206.00000000000000
205.75000000000000
205.75000000000000
205.50000000000000
205.50000000000000
205.75000000000000
205.75000000000000
205.75000000000000
204.75000000000000
204.75000000000000
205.50000000000000
206.50000000000000
206.50000000000000
205.25000000000000
205.25000000000000
204.25000000000000
204.50000000000000
204.50000000000000
204.75000000000000
205.25000000000000
205.25000000000000
204.50000000000000
204.50000000000000
204.25000000000000
203.25000000000000
203.25000000000000
204.00000000000000
204.00000000000000
204.00000000000000
203.50000000000000
203.50000000000000
203.50000000000000
203.50000000000000
203.75000000000000
203.75000000000000
203.75000000000000
204.25000000000000
204.25000000000000
204.25000000000000
203.50000000000000
203.50000000000000
203.25000000000000
203.25000000000000
203.25000000000000
203.75000000000000
203.75000000000000
204.25000000000000
204.75000000000000
204.75000000000000
204.00000000000000
204.00000000000000
204.00000000000000
203.50000000000000
203.50000000000000
203.50000000000000
203.50000000000000
203.25000000000000
203.25000000000000
203.25000000000000
204.75000000000000
204.75000000000000
204.25000000000000
204.50000000000000
204.50000000000000
204.75000000000000
204.75000000000000
205.00000000000000
205.75000000000000
205.75000000000000
205.75000000000000
205.75000000000000
205.00000000000000
204.50000000000000
204.50000000000000
206.50000000000000
205.00000000000000
205.00000000000000
203.50000000000000
203.50000000000000
204.50000000000000
204.25000000000000
204.25000000000000
204.50000000000000
204.50000000000000
205.00000000000000
204.75000000000000
204.75000000000000
205.25000000000000
206.25000000000000
206.25000000000000
206.25000000000000
206.25000000000000
204.75000000000000
205.25000000000000
205.25000000000000
204.50000000000000
205.50000000000000
205.50000000000000
206.00000000000000
206.00000000000000
205.75000000000000
206.00000000000000
206.00000000000000
205.75000000000000
205.75000000000000
204.25000000000000
204.50000000000000
204.50000000000000
204.00000000000000
204.50000000000000
204.50000000000000
204.50000000000000
204.50000000000000
204.50000000000000
205.00000000000000
205.00000000000000
204.75000000000000
204.75000000000000
204.25000000000000
204.50000000000000
204.50000000000000
205.00000000000000
205.00000000000000
205.75000000000000
205.00000000000000
205.00000000000000
203.50000000000000
203.50000000000000
204.50000000000000
204.25000000000000
204.25000000000000
204.75000000000000
204.00000000000000
204.00000000000000
203.75000000000000
203.75000000000000
205.00000000000000
204.00000000000000
204.00000000000000
204.25000000000000
204.25000000000000
204.50000000000000
204.50000000000000
204.50000000000000
204.25000000000000
204.25000000000000
204.00000000000000
203.75000000000000
203.75000000000000
204.50000000000000
205.00000000000000
205.00000000000000
206.75000000000000
206.75000000000000
205.25000000000000
202.00000000000000
202.00000000000000
203.50000000000000
203.50000000000000
204.25000000000000
202.00000000000000
202.00000000000000
203.00000000000000
203.00000000000000
203.75000000000000
203.00000000000000
203.00000000000000
202.75000000000000
202.75000000000000
203.25000000000000
203.50000000000000
203.50000000000000
203.50000000000000
203.00000000000000
203.00000000000000
203.00000000000000
203.00000000000000
203.00000000000000
202.25000000000000
202.25000000000000
202.50000000000000
202.50000000000000
202.50000000000000
202.50000000000000
202.50000000000000
202.50000000000000
202.50000000000000
203.25000000000000
204.75000000000000
204.75000000000000
204.50000000000000
204.50000000000000
202.50000000000000
202.75000000000000
202.75000000000000
203.25000000000000
203.25000000000000
202.75000000000000
202.25000000000000
202.25000000000000
202.25000000000000
202.25000000000000
203.75000000000000
203.25000000000000
203.25000000000000
203.00000000000000
202.25000000000000
202.25000000000000
203.25000000000000
203.25000000000000
203.50000000000000
202.50000000000000
202.50000000000000
202.00000000000000
202.00000000000000
202.50000000000000
202.75000000000000
202.75000000000000
201.00000000000000
201.00000000000000
201.50000000000000
202.00000000000000
202.00000000000000
201.50000000000000
201.50000000000000
201.50000000000000
200.50000000000000
200.50000000000000
201.00000000000000
201.00000000000000
200.50000000000000
200.50000000000000
200.50000000000000
200.50000000000000
200.50000000000000
200.75000000000000
200.75000000000000
200.75000000000000
201.00000000000000
201.00000000000000
201.25000000000000
200.50000000000000
200.50000000000000
200.25000000000000
200.25000000000000
201.00000000000000
201.00000000000000
201.75000000000000
201.00000000000000
201.00000000000000
200.25000000000000
200.25000000000000
203.50000000000000
205.00000000000000
205.00000000000000
202.00000000000000
202.00000000000000
201.00000000000000
201.50000000000000
201.50000000000000
200.00000000000000
200.00000000000000
198.25000000000000
199.50000000000000
199.50000000000000
199.25000000000000
199.25000000000000
197.25000000000000
197.50000000000000
197.50000000000000
198.25000000000000
198.25000000000000
197.50000000000000
197.50000000000000
197.00000000000000
197.50000000000000
197.50000000000000
197.25000000000000
197.25000000000000
197.00000000000000
197.00000000000000
197.00000000000000
196.25000000000000
196.25000000000000
195.50000000000000
195.50000000000000
195.50000000000000
195.50000000000000
195.00000000000000
195.00000000000000
195.00000000000000
195.50000000000000
195.50000000000000
195.00000000000000
195.25000000000000
195.25000000000000
196.00000000000000
196.00000000000000
195.75000000000000
195.75000000000000
195.75000000000000
195.00000000000000
195.00000000000000
194.75000000000000
194.75000000000000
195.50000000000000
195.75000000000000
195.75000000000000
193.50000000000000
193.50000000000000
193.50000000000000
193.50000000000000
193.50000000000000
193.50000000000000
193.25000000000000
193.25000000000000
193.25000000000000
191.00000000000000
191.00000000000000
191.00000000000000
191.00000000000000
191.00000000000000
196.75000000000000
196.75000000000000
198.75000000000000
198.75000000000000
199.50000000000000
199.75000000000000
199.75000000000000
195.25000000000000
195.25000000000000
193.50000000000000
192.25000000000000
192.25000000000000
190.50000000000000
190.50000000000000
190.75000000000000
190.75000000000000
189.00000000000000
192.00000000000000
192.00000000000000
193.00000000000000
193.00000000000000
191.50000000000000
191.50000000000000
190.00000000000000
188.25000000000000
188.25000000000000
187.75000000000000
187.75000000000000
189.00000000000000
187.50000000000000
187.50000000000000
182.25000000000000
182.25000000000000
180.75000000000000
180.75000000000000
177.25000000000000
177.25000000000000
175.25000000000000
175.25000000000000
174.00000000000000
175.00000000000000
175.00000000000000
176.00000000000000
176.00000000000000
176.00000000000000
176.00000000000000
176.25000000000000
176.25000000000000
174.25000000000000
174.25000000000000
167.25000000000000
167.25000000000000
165.25000000000000
165.25000000000000
167.25000000000000
167.25000000000000
169.00000000000000
169.00000000000000
174.00000000000000
174.00000000000000
175.50000000000000
175.50000000000000
176.25000000000000
176.25000000000000
178.00000000000000
178.00000000000000
178.00000000000000
178.00000000000000
180.25000000000000
178.75000000000000
178.75000000000000
178.75000000000000
172.75000000000000
172.75000000000000
171.75000000000000
171.75000000000000
173.50000000000000
173.50000000000000
173.75000000000000
172.50000000000000
172.50000000000000
168.00000000000000
168.00000000000000
167.50000000000000
167.50000000000000
167.00000000000000
162.25000000000000
162.25000000000000
162.25000000000000
160.25000000000000
160.25000000000000
161.75000000000000
161.75000000000000
164.50000000000000
164.50000000000000
163.25000000000000
169.50000000000000
169.50000000000000
172.25000000000000
172.25000000000000
167.50000000000000
164.50000000000000
164.50000000000000
161.75000000000000
161.75000000000000
161.25000000000000
161.25000000000000
161.25000000000000
160.25000000000000
160.25000000000000
159.00000000000000
158.50000000000000
158.50000000000000
158.25000000000000
158.25000000000000
161.75000000000000
161.75000000000000
166.25000000000000
166.25000000000000
171.50000000000000
171.50000000000000
175.50000000000000
176.75000000000000
176.75000000000000
176.75000000000000
178.25000000000000
178.25000000000000
178.25000000000000
175.00000000000000
175.00000000000000
175.75000000000000
175.75000000000000
174.50000000000000
174.50000000000000
175.25000000000000
175.25000000000000
173.25000000000000
173.25000000000000
174.00000000000000
174.00000000000000
175.75000000000000
175.75000000000000
178.00000000000000
178.00000000000000
177.00000000000000
177.00000000000000
176.75000000000000
176.75000000000000
175.75000000000000
175.75000000000000
174.25000000000000
174.25000000000000
174.25000000000000
173.00000000000000
173.00000000000000
174.50000000000000
174.50000000000000
176.00000000000000
176.00000000000000
175.00000000000000
175.00000000000000
175.00000000000000
174.25000000000000
174.25000000000000
174.00000000000000
174.00000000000000
173.75000000000000
173.75000000000000
174.50000000000000
174.50000000000000
173.50000000000000
173.50000000000000
173.50000000000000
172.50000000000000
172.50000000000000
172.75000000000000
172.75000000000000
175.25000000000000
175.25000000000000
171.75000000000000
171.75000000000000
172.25000000000000
172.25000000000000
177.00000000000000
177.00000000000000
173.75000000000000
173.75000000000000
170.50000000000000
170.50000000000000
172.25000000000000
172.25000000000000
174.75000000000000
174.75000000000000
176.00000000000000
176.00000000000000
173.75000000000000
173.75000000000000
174.75000000000000
174.75000000000000
174.75000000000000
174.75000000000000
167.25000000000000
167.25000000000000
168.50000000000000
168.50000000000000
170.75000000000000
170.75000000000000
170.75000000000000
170.75000000000000
171.75000000000000
171.25000000000000
171.25000000000000
171.00000000000000
171.00000000000000
174.00000000000000
174.00000000000000
174.50000000000000
174.50000000000000
176.00000000000000
176.00000000000000
173.25000000000000
173.25000000000000
168.50000000000000
168.50000000000000
168.50000000000000
161.50000000000000
161.50000000000000
161.00000000000000
161.00000000000000
162.00000000000000
162.00000000000000
162.00000000000000
164.75000000000000
166.25000000000000
166.25000000000000
166.25000000000000
166.25000000000000
166.50000000000000
166.50000000000000
164.25000000000000
164.25000000000000
163.50000000000000
161.25000000000000
161.25000000000000
160.00000000000000
160.00000000000000
161.00000000000000
161.00000000000000
164.75000000000000
164.75000000000000
165.25000000000000
165.25000000000000
169.50000000000000
169.50000000000000
170.00000000000000
170.00000000000000
173.00000000000000
173.00000000000000
173.75000000000000
173.50000000000000
173.50000000000000
172.25000000000000
172.25000000000000
171.25000000000000
171.25000000000000
171.25000000000000
168.50000000000000
168.50000000000000
167.00000000000000
167.00000000000000
169.25000000000000
169.25000000000000
169.75000000000000
169.75000000000000
169.75000000000000
172.50000000000000
172.50000000000000
168.75000000000000
168.75000000000000
168.00000000000000
168.00000000000000
168.50000000000000
168.50000000000000
171.25000000000000
171.25000000000000
170.75000000000000
170.75000000000000
177.00000000000000
177.00000000000000
181.00000000000000
181.00000000000000
182.25000000000000
182.25000000000000
182.50000000000000
182.75000000000000
182.75000000000000
182.75000000000000
172.50000000000000
172.50000000000000
168.25000000000000
168.25000000000000
165.50000000000000
165.50000000000000
165.75000000000000
165.75000000000000
166.25000000000000
166.25000000000000
169.50000000000000
169.50000000000000
170.75000000000000
170.75000000000000
172.25000000000000
172.25000000000000
171.75000000000000
169.50000000000000
169.50000000000000
169.50000000000000
168.25000000000000
168.25000000000000
172.25000000000000
172.25000000000000
171.75000000000000
171.75000000000000
171.50000000000000
171.50000000000000
171.50000000000000
171.50000000000000
173.50000000000000
173.50000000000000
174.50000000000000
174.50000000000000
175.00000000000000
175.00000000000000
179.00000000000000
179.00000000000000
182.25000000000000
182.25000000000000
186.00000000000000
186.00000000000000
184.75000000000000
184.75000000000000
183.50000000000000
182.25000000000000
182.25000000000000
183.50000000000000
183.50000000000000
184.00000000000000
184.00000000000000
180.25000000000000
177.50000000000000
177.50000000000000
177.50000000000000
175.50000000000000
176.25000000000000
176.25000000000000
176.50000000000000
176.50000000000000
175.75000000000000
175.75000000000000
174.50000000000000
174.50000000000000
174.00000000000000
174.00000000000000
170.75000000000000
170.75000000000000
171.25000000000000
171.25000000000000
172.50000000000000
172.50000000000000
173.25000000000000
173.25000000000000
175.25000000000000
175.25000000000000
175.75000000000000
175.75000000000000
175.75000000000000
175.75000000000000
175.75000000000000
176.00000000000000
178.50000000000000
178.50000000000000
182.25000000000000
182.25000000000000
180.75000000000000
180.75000000000000
181.25000000000000
181.25000000000000
181.75000000000000
184.50000000000000
184.50000000000000
186.00000000000000
186.00000000000000
186.25000000000000
186.25000000000000
186.00000000000000
186.00000000000000
183.00000000000000
183.00000000000000
184.00000000000000
182.75000000000000
182.75000000000000
181.75000000000000
181.75000000000000
181.50000000000000
181.50000000000000
182.50000000000000
182.50000000000000
182.75000000000000
182.75000000000000
183.75000000000000
183.75000000000000
183.25000000000000
183.25000000000000
184.00000000000000
183.75000000000000
183.75000000000000
184.50000000000000
184.50000000000000
183.75000000000000
183.75000000000000
184.25000000000000
184.25000000000000
185.00000000000000
185.00000000000000
185.75000000000000
186.00000000000000
186.00000000000000
186.75000000000000
186.75000000000000
187.75000000000000
187.75000000000000
188.50000000000000
188.50000000000000
188.50000000000000
187.50000000000000
187.50000000000000
187.75000000000000
187.75000000000000
186.50000000000000
186.50000000000000
188.25000000000000
188.25000000000000
190.00000000000000
190.00000000000000
189.50000000000000
189.50000000000000
189.00000000000000
188.50000000000000
188.50000000000000
189.25000000000000
189.25000000000000
188.25000000000000
188.25000000000000
186.75000000000000
188.50000000000000
188.50000000000000
189.75000000000000
189.75000000000000
189.25000000000000
189.25000000000000
189.25000000000000
189.25000000000000
190.00000000000000
189.00000000000000
189.00000000000000
189.25000000000000
189.25000000000000
190.75000000000000
190.75000000000000
191.25000000000000
191.25000000000000
191.50000000000000
191.50000000000000
192.75000000000000
193.00000000000000
193.00000000000000
193.75000000000000
193.75000000000000
193.75000000000000
193.75000000000000
193.75000000000000
195.00000000000000
195.00000000000000
195.50000000000000
195.50000000000000
194.25000000000000
194.50000000000000
194.50000000000000
196.00000000000000
196.00000000000000
195.25000000000000
195.25000000000000
196.00000000000000
196.00000000000000
196.00000000000000
195.75000000000000
195.75000000000000
197.50000000000000
197.75000000000000
197.75000000000000
195.75000000000000
195.75000000000000
197.25000000000000
197.50000000000000
197.50000000000000
197.00000000000000
197.00000000000000
197.50000000000000
197.50000000000000
194.75000000000000
193.50000000000000
193.50000000000000
194.25000000000000
194.25000000000000
195.75000000000000
195.75000000000000
195.75000000000000
195.75000000000000
195.75000000000000
197.50000000000000
197.75000000000000
197.75000000000000
197.50000000000000
197.50000000000000
197.50000000000000
197.00000000000000
197.00000000000000
196.50000000000000
196.50000000000000
196.50000000000000
196.50000000000000
196.00000000000000
197.00000000000000
197.00000000000000
197.75000000000000
197.75000000000000
197.25000000000000
196.50000000000000
196.50000000000000
195.75000000000000
195.75000000000000
197.25000000000000
196.50000000000000
196.50000000000000
197.50000000000000
197.50000000000000
196.00000000000000
196.00000000000000
195.75000000000000
195.75000000000000
195.75000000000000
195.25000000000000
195.25000000000000
195.50000000000000
195.50000000000000
196.25000000000000
195.50000000000000
195.50000000000000
197.00000000000000
197.00000000000000
197.00000000000000
197.00000000000000
195.50000000000000
196.25000000000000
196.25000000000000
196.25000000000000
196.25000000000000
196.50000000000000
196.50000000000000
198.00000000000000
198.25000000000000
198.25000000000000
198.25000000000000
198.25000000000000
198.25000000000000
199.00000000000000
199.00000000000000
199.75000000000000
199.75000000000000
199.25000000000000
198.25000000000000
198.25000000000000
197.50000000000000
197.50000000000000
198.25000000000000
198.25000000000000
198.25000000000000
198.25000000000000
198.75000000000000
198.75000000000000
199.00000000000000
199.00000000000000
198.50000000000000
200.50000000000000
200.50000000000000
199.50000000000000
199.50000000000000
199.25000000000000
199.50000000000000
199.50000000000000
199.25000000000000
199.25000000000000
200.25000000000000
200.25000000000000
200.25000000000000
200.50000000000000
200.50000000000000
198.50000000000000
198.50000000000000
198.75000000000000
198.50000000000000
198.50000000000000
201.50000000000000
201.50000000000000
202.00000000000000
200.50000000000000
200.50000000000000
200.25000000000000
200.25000000000000
199.50000000000000
199.50000000000000
198.75000000000000
200.25000000000000
200.25000000000000
200.25000000000000
200.25000000000000
200.25000000000000
199.50000000000000
199.50000000000000
200.75000000000000
200.75000000000000
199.75000000000000
198.00000000000000
198.00000000000000
199.75000000000000
199.75000000000000
201.00000000000000
200.00000000000000
200.00000000000000
200.25000000000000
200.25000000000000
200.75000000000000
200.25000000000000
200.25000000000000
200.25000000000000
200.25000000000000
201.00000000000000
201.25000000000000
201.25000000000000
199.75000000000000
199.75000000000000
200.50000000000000
199.50000000000000
199.50000000000000
200.00000000000000
200.00000000000000
202.00000000000000
201.00000000000000
201.00000000000000
201.00000000000000
201.00000000000000
201.50000000000000
202.25000000000000
202.25000000000000
201.00000000000000
201.00000000000000
201.50000000000000
202.00000000000000
202.00000000000000
202.50000000000000
202.50000000000000
203.25000000000000
202.25000000000000
202.25000000000000
202.25000000000000
202.25000000000000
203.00000000000000
203.00000000000000
203.00000000000000
203.75000000000000
203.75000000000000
202.75000000000000
202.25000000000000
202.25000000000000
201.75000000000000
201.75000000000000
202.00000000000000
202.00000000000000
202.00000000000000
202.25000000000000
202.25000000000000
201.00000000000000
200.00000000000000
200.00000000000000
200.25000000000000
200.25000000000000
200.50000000000000
200.50000000000000
200.50000000000000
200.50000000000000
200.50000000000000
200.25000000000000
199.00000000000000
199.00000000000000
199.00000000000000
199.00000000000000
200.75000000000000
200.25000000000000
200.25000000000000
200.25000000000000
200.25000000000000
200.75000000000000
200.75000000000000
200.50000000000000
199.75000000000000
199.75000000000000
199.75000000000000
199.75000000000000
199.25000000000000
200.50000000000000
200.50000000000000
201.00000000000000
201.00000000000000
200.00000000000000
200.00000000000000
200.00000000000000
200.25000000000000
200.25000000000000
201.00000000000000
201.50000000000000
201.50000000000000
202.75000000000000
202.75000000000000
201.25000000000000
201.00000000000000
201.00000000000000
199.75000000000000
199.75000000000000
200.00000000000000
200.00000000000000
199.50000000000000
198.25000000000000
198.25000000000000
197.75000000000000
197.75000000000000
198.50000000000000
197.75000000000000
197.75000000000000
196.25000000000000
196.25000000000000
199.00000000000000
198.50000000000000
198.50000000000000
197.50000000000000
197.50000000000000
197.00000000000000
197.00000000000000
196.50000000000000
195.50000000000000
195.50000000000000
196.25000000000000
196.25000000000000
196.75000000000000
196.75000000000000
196.75000000000000
196.00000000000000
196.00000000000000
196.00000000000000
196.00000000000000
196.00000000000000
194.75000000000000
194.75000000000000
194.75000000000000
194.75000000000000
195.00000000000000
195.00000000000000
196.00000000000000
195.00000000000000
195.00000000000000
193.75000000000000
193.75000000000000
193.00000000000000
193.00000000000000
193.25000000000000
193.50000000000000
193.50000000000000
193.50000000000000
193.50000000000000
193.00000000000000
193.00000000000000
193.00000000000000
192.50000000000000
192.50000000000000
193.00000000000000
192.50000000000000
192.50000000000000
192.50000000000000
192.50000000000000
193.00000000000000
193.25000000000000
193.25000000000000
192.75000000000000
192.75000000000000
194.75000000000000
194.00000000000000
194.00000000000000
195.50000000000000
195.50000000000000
195.25000000000000
195.25000000000000
195.25000000000000
194.00000000000000
194.00000000000000
193.75000000000000
193.75000000000000
194.25000000000000
194.75000000000000
194.75000000000000
192.00000000000000
192.00000000000000
190.50000000000000
187.75000000000000
187.75000000000000
189.25000000000000
189.25000000000000
191.75000000000000
191.75000000000000
193.50000000000000
193.50000000000000
193.50000000000000
192.00000000000000
192.00000000000000
190.50000000000000
191.25000000000000
191.25000000000000
189.75000000000000
189.75000000000000
191.00000000000000
191.00000000000000
192.75000000000000
192.75000000000000
197.00000000000000
197.25000000000000
197.25000000000000
196.50000000000000
196.50000000000000
197.50000000000000
197.50000000000000
196.00000000000000
196.75000000000000
196.75000000000000
198.50000000000000
198.50000000000000
197.50000000000000
197.00000000000000
197.00000000000000
197.25000000000000
197.25000000000000
198.75000000000000
199.00000000000000
199.00000000000000
199.00000000000000
199.00000000000000
199.50000000000000
201.00000000000000
201.00000000000000
201.75000000000000
201.75000000000000
199.25000000000000
199.25000000000000
198.50000000000000
197.25000000000000
197.25000000000000
197.00000000000000
197.00000000000000
199.00000000000000
199.25000000000000
199.25000000000000
197.00000000000000
197.00000000000000
197.00000000000000
197.00000000000000
199.75000000000000
200.75000000000000
200.75000000000000
200.00000000000000
198.50000000000000
198.50000000000000
199.50000000000000
199.50000000000000
200.50000000000000
201.50000000000000
201.50000000000000
202.25000000000000
202.25000000000000
203.00000000000000
203.00000000000000
203.00000000000000
203.25000000000000
203.25000000000000
202.50000000000000
204.25000000000000
204.25000000000000
204.00000000000000
203.75000000000000
203.75000000000000
202.75000000000000
202.75000000000000
202.50000000000000
202.00000000000000
202.00000000000000
201.50000000000000
201.50000000000000
200.00000000000000
200.00000000000000
199.50000000000000
197.50000000000000
197.50000000000000
193.00000000000000
193.00000000000000
187.75000000000000
187.75000000000000
182.50000000000000
181.75000000000000
181.75000000000000
181.25000000000000
181.25000000000000
184.50000000000000
184.50000000000000
185.50000000000000
185.50000000000000
187.00000000000000
190.50000000000000
190.50000000000000
191.75000000000000
191.75000000000000
194.00000000000000
194.00000000000000
196.75000000000000
197.25000000000000
197.25000000000000
197.25000000000000
197.25000000000000
199.50000000000000
199.75000000000000
199.75000000000000
198.75000000000000
198.75000000000000
202.00000000000000
201.75000000000000
201.75000000000000
200.50000000000000
200.50000000000000
202.50000000000000
202.50000000000000
202.50000000000000
202.50000000000000
202.50000000000000
202.00000000000000
207.75000000000000
207.75000000000000
207.75000000000000
206.00000000000000
206.00000000000000
206.00000000000000
206.00000000000000
207.00000000000000
205.50000000000000
205.50000000000000
205.50000000000000
205.50000000000000
205.00000000000000
205.00000000000000
205.00000000000000
205.00000000000000
205.00000000000000
205.00000000000000
204.50000000000000
204.50000000000000
205.00000000000000
204.25000000000000
204.25000000000000
205.00000000000000
205.00000000000000
204.25000000000000
203.00000000000000
203.00000000000000
202.50000000000000
202.50000000000000
202.50000000000000
203.25000000000000
203.25000000000000
204.00000000000000
204.00000000000000
201.50000000000000
201.25000000000000
201.25000000000000
202.75000000000000
204.25000000000000
204.25000000000000
204.50000000000000
204.50000000000000
204.75000000000000
204.75000000000000
205.25000000000000
205.75000000000000
205.75000000000000
204.75000000000000
202.50000000000000
202.50000000000000
202.75000000000000
202.75000000000000
203.25000000000000
201.50000000000000
201.50000000000000
202.00000000000000
202.00000000000000
203.75000000000000
204.50000000000000
204.50000000000000
204.75000000000000
204.75000000000000
205.00000000000000
205.75000000000000
205.75000000000000
207.00000000000000
207.00000000000000
205.75000000000000
204.75000000000000
204.75000000000000
204.25000000000000
205.25000000000000
205.25000000000000
205.00000000000000
205.00000000000000
205.25000000000000
206.00000000000000
206.00000000000000
206.50000000000000
205.00000000000000
205.00000000000000
204.50000000000000
204.50000000000000
206.25000000000000
206.50000000000000
206.50000000000000
207.75000000000000
207.75000000000000
207.50000000000000
207.50000000000000
207.50000000000000
207.00000000000000
206.75000000000000
206.75000000000000
206.00000000000000
205.25000000000000
205.25000000000000
206.25000000000000
206.25000000000000
207.75000000000000
209.00000000000000
209.00000000000000
207.25000000000000
205.50000000000000
205.50000000000000
207.25000000000000
207.25000000000000
205.50000000000000
204.50000000000000
204.50000000000000
202.00000000000000
202.00000000000000
201.00000000000000
203.00000000000000
203.00000000000000
206.50000000000000
206.50000000000000
206.25000000000000
207.25000000000000
207.25000000000000
206.75000000000000
206.75000000000000
206.75000000000000
207.75000000000000
207.75000000000000
208.00000000000000
207.25000000000000
207.25000000000000
207.25000000000000
206.00000000000000
206.00000000000000
204.75000000000000
204.75000000000000
205.25000000000000
206.25000000000000
206.25000000000000
206.75000000000000
206.75000000000000
204.75000000000000
202.50000000000000
202.50000000000000
201.00000000000000
201.00000000000000
203.25000000000000
202.75000000000000
202.75000000000000
202.75000000000000
202.75000000000000
202.75000000000000
202.50000000000000
202.50000000000000
201.75000000000000
201.75000000000000
201.25000000000000
202.50000000000000
202.50000000000000
203.50000000000000
203.50000000000000
204.75000000000000
203.75000000000000
203.75000000000000
204.00000000000000
204.00000000000000
202.75000000000000
202.75000000000000
202.75000000000000
203.00000000000000
203.00000000000000
202.25000000000000
200.50000000000000
200.50000000000000
200.25000000000000
200.25000000000000
200.25000000000000
199.00000000000000
199.00000000000000
199.50000000000000
199.50000000000000
197.75000000000000
199.75000000000000
199.75000000000000
201.25000000000000
201.25000000000000
202.25000000000000
201.50000000000000
201.50000000000000
200.00000000000000
200.00000000000000
201.75000000000000
201.75000000000000
202.00000000000000
202.75000000000000
202.75000000000000
204.25000000000000
202.00000000000000
202.00000000000000
204.00000000000000
202.75000000000000
202.75000000000000
204.75000000000000
204.75000000000000
204.00000000000000
205.50000000000000
205.50000000000000
203.75000000000000
203.75000000000000
202.50000000000000
203.25000000000000
203.25000000000000
200.50000000000000
200.50000000000000
201.25000000000000
202.75000000000000
202.75000000000000
202.75000000000000
202.75000000000000
204.25000000000000
204.75000000000000
204.75000000000000
203.75000000000000
203.75000000000000
204.50000000000000
206.50000000000000
206.50000000000000
206.00000000000000
205.00000000000000
205.00000000000000
204.75000000000000
204.75000000000000
205.25000000000000
204.50000000000000
204.50000000000000
204.75000000000000
204.75000000000000
204.00000000000000
206.00000000000000
206.00000000000000
203.50000000000000
203.50000000000000
202.50000000000000
202.00000000000000
202.00000000000000
202.00000000000000
202.00000000000000
202.00000000000000
200.75000000000000
200.75000000000000
200.50000000000000
201.50000000000000
201.50000000000000
200.00000000000000
200.00000000000000
198.75000000000000
198.00000000000000
198.00000000000000
195.75000000000000
195.75000000000000
196.25000000000000
196.25000000000000
197.00000000000000
195.75000000000000
195.75000000000000
195.50000000000000
195.50000000000000
202.00000000000000
201.50000000000000
201.50000000000000
201.25000000000000
201.25000000000000
199.50000000000000
199.50000000000000
201.50000000000000
201.75000000000000
201.75000000000000
202.00000000000000
199.25000000000000
199.25000000000000
199.75000000000000
199.75000000000000
201.00000000000000
201.00000000000000
201.75000000000000
201.25000000000000
201.25000000000000
203.25000000000000
203.25000000000000
202.25000000000000
203.00000000000000
203.00000000000000
204.50000000000000
204.50000000000000
204.50000000000000
203.75000000000000
203.75000000000000
202.25000000000000
203.25000000000000
203.25000000000000
205.00000000000000
205.00000000000000
204.75000000000000
204.75000000000000
204.75000000000000
202.50000000000000
202.50000000000000
204.25000000000000
205.25000000000000
205.25000000000000
201.00000000000000
201.00000000000000
200.25000000000000
197.50000000000000
197.50000000000000
195.25000000000000
195.25000000000000
195.25000000000000
196.75000000000000
196.75000000000000
197.25000000000000
197.25000000000000
196.50000000000000
197.75000000000000
197.75000000000000
198.75000000000000
198.75000000000000
199.00000000000000
199.00000000000000
197.25000000000000
200.50000000000000
200.50000000000000
198.00000000000000
198.00000000000000
197.25000000000000
197.25000000000000
199.00000000000000
199.00000000000000
199.00000000000000
198.25000000000000
198.00000000000000
198.00000000000000
199.25000000000000
199.25000000000000
198.00000000000000
197.50000000000000
197.50000000000000
197.75000000000000
197.75000000000000
198.00000000000000
198.00000000000000
198.50000000000000
200.50000000000000
200.50000000000000
200.75000000000000
201.00000000000000
201.00000000000000
200.50000000000000
200.50000000000000
201.75000000000000
201.75000000000000
201.50000000000000
201.25000000000000
201.25000000000000
202.50000000000000
202.50000000000000
201.75000000000000
201.75000000000000
201.75000000000000
201.50000000000000
203.75000000000000
203.75000000000000
205.00000000000000
205.00000000000000
203.75000000000000
203.50000000000000
203.50000000000000
203.25000000000000
203.25000000000000
202.75000000000000
202.75000000000000
202.75000000000000
202.75000000000000
204.50000000000000
204.50000000000000
203.25000000000000
203.25000000000000
202.25000000000000
202.50000000000000
202.50000000000000
202.75000000000000
202.75000000000000
204.00000000000000
204.25000000000000
204.25000000000000
203.75000000000000
203.75000000000000
203.25000000000000
202.75000000000000
202.75000000000000
202.75000000000000
202.75000000000000
202.25000000000000
202.25000000000000
202.25000000000000
203.25000000000000
203.25000000000000
203.50000000000000
203.75000000000000
203.75000000000000
200.50000000000000
200.50000000000000
200.50000000000000
201.50000000000000
201.50000000000000
201.75000000000000
201.75000000000000
200.50000000000000
200.25000000000000
200.25000000000000
200.25000000000000
200.25000000000000
199.00000000000000
199.00000000000000
199.00000000000000
200.50000000000000
200.50000000000000
200.25000000000000
200.00000000000000
200.00000000000000
205.25000000000000
205.25000000000000
208.50000000000000
210.00000000000000
210.00000000000000
210.75000000000000
205.00000000000000
205.00000000000000
203.75000000000000
203.75000000000000
202.00000000000000
199.25000000000000
199.25000000000000
199.00000000000000
199.00000000000000
199.75000000000000
200.00000000000000
200.00000000000000
200.00000000000000
200.00000000000000
200.00000000000000
200.50000000000000
200.50000000000000
201.00000000000000
201.00000000000000
200.50000000000000
203.25000000000000
203.25000000000000
204.00000000000000
204.00000000000000
203.00000000000000
202.25000000000000
202.25000000000000
202.25000000000000
202.25000000000000
204.25000000000000
204.50000000000000
204.50000000000000
207.50000000000000
207.50000000000000
207.00000000000000
205.50000000000000
205.50000000000000
204.50000000000000
205.00000000000000
205.00000000000000
205.00000000000000
205.00000000000000
205.75000000000000
205.75000000000000
205.75000000000000
205.25000000000000
206.25000000000000
206.25000000000000
205.75000000000000
205.75000000000000
205.50000000000000
205.00000000000000
205.00000000000000
204.50000000000000
204.50000000000000
205.50000000000000
206.00000000000000
206.00000000000000
206.25000000000000
206.25000000000000
206.75000000000000
207.50000000000000
207.50000000000000
207.00000000000000
207.25000000000000
207.25000000000000
208.00000000000000
208.00000000000000
207.75000000000000
208.25000000000000
208.25000000000000
208.50000000000000
208.75000000000000
208.75000000000000
208.75000000000000
208.75000000000000
209.25000000000000
209.00000000000000
209.00000000000000
209.75000000000000
208.75000000000000
208.75000000000000
207.50000000000000
207.50000000000000
202.50000000000000
199.75000000000000
199.75000000000000
198.50000000000000
198.50000000000000
198.00000000000000
198.00000000000000
198.00000000000000
198.00000000000000
198.00000000000000
205.25000000000000
205.25000000000000
205.50000000000000
206.00000000000000
206.00000000000000
206.50000000000000
206.75000000000000
206.75000000000000
206.50000000000000
206.50000000000000
206.50000000000000
206.50000000000000
206.50000000000000
206.50000000000000
206.50000000000000
206.00000000000000
206.25000000000000
206.25000000000000
206.00000000000000
205.75000000000000
205.75000000000000
205.75000000000000
205.75000000000000
205.75000000000000
204.75000000000000
204.75000000000000
205.25000000000000
205.25000000000000
205.25000000000000
205.50000000000000
205.50000000000000
205.50000000000000
204.75000000000000
204.75000000000000
205.50000000000000
205.50000000000000
206.25000000000000
205.50000000000000
205.50000000000000
205.50000000000000
206.50000000000000
206.50000000000000
206.50000000000000
206.50000000000000
205.25000000000000
205.75000000000000
205.75000000000000
207.25000000000000
206.50000000000000
206.50000000000000
205.50000000000000
205.50000000000000
205.00000000000000
205.25000000000000
205.25000000000000
205.00000000000000
205.00000000000000
205.50000000000000
205.00000000000000
205.00000000000000
204.50000000000000
204.00000000000000
204.00000000000000
204.00000000000000
204.00000000000000
204.50000000000000
204.50000000000000
204.50000000000000
204.75000000000000
204.75000000000000
204.75000000000000
204.25000000000000
204.25000000000000
203.75000000000000
204.00000000000000
204.00000000000000
204.50000000000000
204.50000000000000
204.25000000000000
203.00000000000000
203.00000000000000
202.25000000000000
202.25000000000000
202.50000000000000
202.50000000000000
202.50000000000000
202.25000000000000
202.25000000000000
202.50000000000000
202.75000000000000
202.75000000000000
202.75000000000000
202.75000000000000
203.00000000000000
203.00000000000000
203.00000000000000
203.00000000000000
203.00000000000000
202.50000000000000
202.75000000000000
202.75000000000000
202.50000000000000
202.50000000000000
202.50000000000000
202.50000000000000
202.50000000000000
202.75000000000000
202.75000000000000
202.75000000000000
203.00000000000000
203.00000000000000
203.25000000000000
203.25000000000000
202.75000000000000
201.50000000000000
201.50000000000000
201.75000000000000
202.50000000000000
202.50000000000000
203.00000000000000
203.00000000000000
203.25000000000000
203.25000000000000
203.25000000000000
202.50000000000000
202.50000000000000
202.50000000000000
201.00000000000000
201.00000000000000
201.00000000000000
201.00000000000000
202.25000000000000
203.00000000000000
203.00000000000000
203.25000000000000
203.25000000000000
202.00000000000000
201.25000000000000
201.25000000000000
201.25000000000000
201.25000000000000
203.00000000000000
204.00000000000000
204.00000000000000
203.25000000000000
203.25000000000000
203.00000000000000
203.00000000000000
203.00000000000000
203.00000000000000
203.00000000000000
202.50000000000000
202.75000000000000
202.75000000000000
201.75000000000000
201.75000000000000
203.00000000000000
204.00000000000000
204.00000000000000
204.25000000000000
202.50000000000000
202.50000000000000
204.50000000000000
204.50000000000000
204.00000000000000
203.75000000000000
203.75000000000000
202.25000000000000
201.50000000000000
201.50000000000000
202.25000000000000
202.25000000000000
202.25000000000000
202.25000000000000
204.00000000000000
203.00000000000000
203.00000000000000
203.00000000000000
203.25000000000000
203.25000000000000
203.75000000000000
203.75000000000000
200.75000000000000
200.75000000000000
200.75000000000000
201.00000000000000
201.00000000000000
201.00000000000000
201.50000000000000
201.50000000000000
201.25000000000000
201.00000000000000
201.00000000000000
201.75000000000000
201.75000000000000
202.25000000000000
202.25000000000000
202.75000000000000
202.50000000000000
202.50000000000000
202.25000000000000
202.25000000000000
202.25000000000000
204.00000000000000
204.00000000000000
204.50000000000000
204.75000000000000
204.75000000000000
206.50000000000000
206.50000000000000
204.25000000000000
204.00000000000000
204.00000000000000
204.75000000000000
205.00000000000000
205.00000000000000
204.50000000000000
204.50000000000000
203.75000000000000
204.00000000000000
204.00000000000000
202.75000000000000
202.75000000000000
201.50000000000000
202.75000000000000
202.75000000000000
203.50000000000000
203.50000000000000
203.75000000000000
203.25000000000000
203.25000000000000
202.75000000000000
203.25000000000000
203.25000000000000
203.50000000000000
203.50000000000000
202.25000000000000
203.25000000000000
203.25000000000000
203.00000000000000
203.00000000000000
203.50000000000000
203.50000000000000
203.50000000000000
200.25000000000000
200.25000000000000
200.25000000000000
201.75000000000000
201.75000000000000
203.75000000000000
204.00000000000000
204.00000000000000
202.50000000000000
202.50000000000000
202.25000000000000
202.25000000000000
203.25000000000000
203.00000000000000
203.00000000000000
203.00000000000000
203.00000000000000
204.50000000000000
204.25000000000000
204.25000000000000
204.50000000000000
204.50000000000000
204.50000000000000
202.75000000000000
202.75000000000000
203.00000000000000
203.00000000000000
203.00000000000000
203.25000000000000
203.25000000000000
202.50000000000000
203.75000000000000
203.75000000000000
203.75000000000000
202.75000000000000
202.75000000000000
203.25000000000000
203.25000000000000
202.50000000000000
202.50000000000000
202.50000000000000
202.75000000000000
202.75000000000000
202.75000000000000
202.25000000000000
202.25000000000000
201.75000000000000
201.75000000000000
202.50000000000000
203.25000000000000
203.25000000000000
202.75000000000000
202.75000000000000
204.00000000000000
203.25000000000000
203.25000000000000
207.75000000000000
207.75000000000000
205.00000000000000
203.50000000000000
203.50000000000000
203.50000000000000
202.75000000000000
202.75000000000000
202.00000000000000
202.00000000000000
203.50000000000000
203.25000000000000
203.25000000000000
203.00000000000000
203.00000000000000
200.00000000000000
201.25000000000000
201.25000000000000
202.25000000000000
202.25000000000000
200.50000000000000
199.25000000000000
199.25000000000000
201.75000000000000
201.75000000000000
203.25000000000000
202.50000000000000
202.50000000000000
201.75000000000000
201.75000000000000
202.00000000000000
200.00000000000000
200.00000000000000
201.75000000000000
203.00000000000000
203.00000000000000
201.75000000000000
202.00000000000000
202.00000000000000
200.75000000000000
200.75000000000000
200.00000000000000
201.50000000000000
201.50000000000000
202.50000000000000
202.50000000000000
202.25000000000000
202.25000000000000
202.25000000000000
202.25000000000000
202.25000000000000
202.50000000000000
202.00000000000000
202.00000000000000
202.25000000000000
202.25000000000000
203.00000000000000
203.00000000000000
203.00000000000000
203.25000000000000
203.25000000000000
203.50000000000000
203.50000000000000
203.50000000000000
203.25000000000000
203.25000000000000
203.00000000000000
201.25000000000000
201.25000000000000
201.75000000000000
201.75000000000000
202.50000000000000
201.50000000000000
201.50000000000000
201.25000000000000
201.25000000000000
201.00000000000000
202.50000000000000
202.50000000000000
202.75000000000000
202.75000000000000
202.25000000000000
202.25000000000000
202.25000000000000
201.75000000000000
201.75000000000000
201.75000000000000
202.50000000000000
202.50000000000000
202.75000000000000
202.75000000000000
201.00000000000000
200.25000000000000
200.25000000000000
202.25000000000000
202.50000000000000
202.50000000000000
202.25000000000000
202.25000000000000
201.50000000000000
201.50000000000000
201.50000000000000
201.75000000000000
201.75000000000000
202.50000000000000
201.25000000000000
201.25000000000000
201.75000000000000
201.75000000000000
202.25000000000000
202.25000000000000
202.25000000000000
202.25000000000000
202.25000000000000
201.50000000000000
201.00000000000000
201.00000000000000
202.50000000000000
202.50000000000000
203.75000000000000
203.75000000000000
203.25000000000000
202.50000000000000
202.50000000000000
201.75000000000000
201.75000000000000
201.50000000000000
200.00000000000000
200.00000000000000
200.50000000000000
200.50000000000000
201.00000000000000
201.75000000000000
201.75000000000000
202.00000000000000
202.00000000000000
201.50000000000000
201.50000000000000
201.50000000000000
201.00000000000000
199.00000000000000
199.00000000000000
198.00000000000000
198.00000000000000
199.25000000000000
200.75000000000000
200.75000000000000
201.50000000000000
201.50000000000000
201.25000000000000
201.25000000000000
201.25000000000000
200.50000000000000
200.50000000000000
200.25000000000000
201.25000000000000
201.25000000000000
201.50000000000000
201.25000000000000
201.25000000000000
201.50000000000000
201.50000000000000
201.00000000000000
201.00000000000000
201.50000000000000
201.00000000000000
201.00000000000000
201.00000000000000
201.00000000000000
201.50000000000000
202.25000000000000
202.25000000000000
201.75000000000000
201.75000000000000
200.75000000000000
200.50000000000000
200.50000000000000
200.00000000000000
200.00000000000000
200.25000000000000
200.25000000000000
200.25000000000000
200.25000000000000
200.25000000000000
200.25000000000000
200.25000000000000
200.25000000000000
200.25000000000000
200.25000000000000
199.00000000000000
199.50000000000000
199.50000000000000
201.00000000000000
201.00000000000000
200.00000000000000
199.00000000000000
199.00000000000000
201.00000000000000
201.50000000000000
201.50000000000000
201.25000000000000
201.25000000000000
201.25000000000000
201.75000000000000
201.75000000000000
200.25000000000000
200.25000000000000
199.50000000000000
199.50000000000000
198.75000000000000
200.00000000000000
200.00000000000000
198.75000000000000
198.75000000000000
198.50000000000000
198.50000000000000
198.25000000000000
199.25000000000000
199.25000000000000
199.25000000000000
198.50000000000000
198.50000000000000
197.75000000000000
197.75000000000000
199.00000000000000
198.75000000000000
198.75000000000000
198.50000000000000
198.50000000000000
198.25000000000000
198.50000000000000
198.50000000000000
198.25000000000000
198.25000000000000
197.00000000000000
197.00000000000000
197.00000000000000
197.25000000000000
197.25000000000000
197.25000000000000
197.75000000000000
197.75000000000000
197.75000000000000
197.75000000000000
197.50000000000000
197.25000000000000
197.25000000000000
196.75000000000000
197.00000000000000
197.00000000000000
197.50000000000000
197.50000000000000
197.75000000000000
197.75000000000000
196.25000000000000
196.25000000000000
196.25000000000000
195.75000000000000
195.75000000000000
194.75000000000000
194.75000000000000
196.50000000000000
196.75000000000000
196.75000000000000
193.75000000000000
193.75000000000000
193.75000000000000
195.75000000000000
195.75000000000000
196.50000000000000
196.50000000000000
196.25000000000000
196.25000000000000
195.50000000000000
195.50000000000000
195.50000000000000
195.50000000000000
195.50000000000000
196.50000000000000
196.50000000000000
197.25000000000000
195.00000000000000
195.00000000000000
195.00000000000000
195.00000000000000
195.50000000000000
195.00000000000000
195.00000000000000
194.50000000000000
194.50000000000000
194.75000000000000
194.75000000000000
194.75000000000000
194.75000000000000
194.75000000000000
194.75000000000000
194.75000000000000
194.75000000000000
194.50000000000000
194.50000000000000
194.75000000000000
194.75000000000000
195.00000000000000
195.00000000000000
195.00000000000000
195.00000000000000
195.00000000000000
195.00000000000000
195.00000000000000
195.25000000000000
195.25000000000000
195.50000000000000
195.50000000000000
195.50000000000000
195.50000000000000
195.50000000000000
194.75000000000000
194.00000000000000
194.00000000000000
194.00000000000000
194.00000000000000
193.75000000000000
193.75000000000000
193.00000000000000
189.75000000000000
189.75000000000000
190.50000000000000
190.50000000000000
190.75000000000000
190.75000000000000
191.50000000000000
191.50000000000000
191.75000000000000
191.75000000000000
191.75000000000000
191.00000000000000
191.00000000000000
189.75000000000000
189.75000000000000
190.00000000000000
190.25000000000000
190.25000000000000
190.75000000000000
190.75000000000000
191.25000000000000
191.25000000000000
191.75000000000000
191.75000000000000
192.00000000000000
192.75000000000000
192.75000000000000
193.00000000000000
193.00000000000000
193.50000000000000
193.50000000000000
193.50000000000000
193.25000000000000
193.25000000000000
194.00000000000000
194.00000000000000
193.50000000000000
193.50000000000000
193.50000000000000
193.25000000000000
193.25000000000000
192.25000000000000
192.25000000000000
191.75000000000000
192.25000000000000
192.25000000000000
194.00000000000000
194.00000000000000
193.50000000000000
193.50000000000000
192.00000000000000
192.50000000000000
192.50000000000000
192.75000000000000
192.75000000000000
192.00000000000000
190.50000000000000
190.50000000000000
189.75000000000000
189.75000000000000
189.25000000000000
189.25000000000000
188.00000000000000
188.00000000000000
188.75000000000000
190.50000000000000
190.50000000000000
190.25000000000000
190.25000000000000
191.00000000000000
191.25000000000000
191.25000000000000
191.75000000000000
191.75000000000000
192.00000000000000
193.50000000000000
193.50000000000000
194.00000000000000
194.00000000000000
194.25000000000000
194.25000000000000
194.25000000000000
194.75000000000000
194.75000000000000
195.25000000000000
195.25000000000000
196.50000000000000
196.75000000000000
196.75000000000000
196.75000000000000
196.75000000000000
198.50000000000000
199.00000000000000
199.00000000000000
199.50000000000000
199.50000000000000
199.75000000000000
199.25000000000000
199.25000000000000
198.50000000000000
198.50000000000000
199.50000000000000
199.50000000000000
200.25000000000000
198.75000000000000
198.75000000000000
198.75000000000000
199.00000000000000
199.00000000000000
199.50000000000000
199.50000000000000
199.25000000000000
199.25000000000000
198.00000000000000
199.50000000000000
199.50000000000000
200.50000000000000
200.50000000000000
200.50000000000000
200.75000000000000
200.75000000000000
200.50000000000000
200.50000000000000
200.50000000000000
200.50000000000000
200.50000000000000
201.50000000000000
201.75000000000000
201.75000000000000
201.25000000000000
201.25000000000000
197.75000000000000
198.75000000000000
198.75000000000000
200.25000000000000
200.25000000000000
200.25000000000000
199.75000000000000
199.75000000000000
198.50000000000000
198.50000000000000
198.25000000000000
198.25000000000000
196.00000000000000
197.25000000000000
197.25000000000000
197.75000000000000
197.75000000000000
198.50000000000000
198.75000000000000
198.75000000000000
198.00000000000000
198.00000000000000
198.50000000000000
198.25000000000000
198.25000000000000
198.25000000000000
197.50000000000000
197.50000000000000
198.25000000000000
198.25000000000000
198.75000000000000
198.75000000000000
199.25000000000000
198.75000000000000
198.75000000000000
199.50000000000000
199.50000000000000
198.75000000000000
198.50000000000000
198.50000000000000
199.25000000000000
199.25000000000000
200.25000000000000
200.25000000000000
200.25000000000000
199.50000000000000
199.50000000000000
200.25000000000000
199.75000000000000
199.75000000000000
199.75000000000000
199.75000000000000
200.25000000000000
200.75000000000000
200.75000000000000
200.75000000000000
200.75000000000000
201.50000000000000
201.50000000000000
201.25000000000000
200.75000000000000
200.75000000000000
200.75000000000000
200.25000000000000
200.25000000000000
200.50000000000000
200.50000000000000
202.00000000000000
202.25000000000000
202.25000000000000
200.50000000000000
200.50000000000000
199.75000000000000
200.00000000000000
200.00000000000000
200.00000000000000
200.00000000000000
200.50000000000000
200.00000000000000
200.00000000000000
199.50000000000000
199.50000000000000
199.75000000000000
199.75000000000000
199.75000000000000
199.50000000000000
199.50000000000000
200.25000000000000
200.25000000000000
200.25000000000000
200.00000000000000
200.00000000000000
199.00000000000000
199.00000000000000
199.00000000000000
200.00000000000000
200.00000000000000
200.25000000000000
200.25000000000000
199.50000000000000
199.00000000000000
199.00000000000000
199.00000000000000
199.00000000000000
199.00000000000000
199.00000000000000
199.00000000000000
198.00000000000000
198.00000000000000
198.00000000000000
198.50000000000000
198.50000000000000
199.50000000000000
199.50000000000000
198.75000000000000
198.75000000000000
201.00000000000000
199.50000000000000
199.50000000000000
199.25000000000000
198.50000000000000
198.50000000000000
199.25000000000000
199.25000000000000
199.75000000000000
199.75000000000000
199.50000000000000
199.50000000000000
199.50000000000000
201.75000000000000
202.00000000000000
202.00000000000000
201.25000000000000
201.25000000000000
196.00000000000000
197.50000000000000
197.50000000000000
198.50000000000000
198.75000000000000
198.75000000000000
199.00000000000000
199.00000000000000
199.00000000000000
199.00000000000000
199.00000000000000
199.00000000000000
199.00000000000000
199.50000000000000
199.50000000000000
198.25000000000000
197.25000000000000
197.25000000000000
197.75000000000000
197.75000000000000
198.50000000000000
198.00000000000000
198.00000000000000
198.25000000000000
198.25000000000000
198.50000000000000
198.50000000000000
198.25000000000000
198.25000000000000
198.25000000000000
198.25000000000000
198.25000000000000
198.25000000000000
198.50000000000000
198.50000000000000
199.00000000000000
199.00000000000000
199.00000000000000
199.00000000000000
199.00000000000000
199.75000000000000
199.25000000000000
199.25000000000000
199.75000000000000
199.75000000000000
198.75000000000000
198.50000000000000
198.50000000000000
200.00000000000000
200.00000000000000
200.50000000000000
200.50000000000000
200.50000000000000
200.00000000000000
200.00000000000000
200.50000000000000
200.50000000000000
200.75000000000000
200.50000000000000
200.50000000000000
200.75000000000000
200.00000000000000
200.00000000000000
198.75000000000000
198.75000000000000
198.25000000000000
196.50000000000000
196.50000000000000
196.25000000000000
196.25000000000000
196.00000000000000
196.00000000000000
195.00000000000000
194.00000000000000
194.00000000000000
193.50000000000000
193.50000000000000
193.50000000000000
193.50000000000000
197.50000000000000
198.00000000000000
198.00000000000000
198.50000000000000
198.50000000000000
199.25000000000000
199.75000000000000
199.75000000000000
200.50000000000000
200.50000000000000
201.50000000000000
201.75000000000000
201.75000000000000
200.75000000000000
200.75000000000000
201.50000000000000
200.00000000000000
200.00000000000000
198.75000000000000
198.75000000000000
198.25000000000000
198.25000000000000
199.50000000000000
200.75000000000000
200.75000000000000
201.00000000000000
201.00000000000000
200.50000000000000
200.00000000000000
200.00000000000000
200.00000000000000
200.00000000000000
199.50000000000000
199.50000000000000
199.25000000000000
198.50000000000000
198.50000000000000
198.25000000000000
198.25000000000000
198.25000000000000
198.25000000000000
198.25000000000000
198.00000000000000
198.00000000000000
197.50000000000000
197.75000000000000
197.75000000000000
197.75000000000000
197.75000000000000
198.00000000000000
198.00000000000000
198.00000000000000
198.50000000000000
198.50000000000000
198.50000000000000
198.50000000000000
198.00000000000000
198.75000000000000
198.75000000000000
199.00000000000000
199.00000000000000
199.00000000000000
198.50000000000000
198.50000000000000
198.50000000000000
198.50000000000000
200.00000000000000
200.00000000000000
200.50000000000000
199.25000000000000
199.25000000000000
200.00000000000000
200.00000000000000
200.25000000000000
200.50000000000000
200.50000000000000
200.25000000000000
200.25000000000000
200.25000000000000
200.25000000000000
200.25000000000000
200.25000000000000
199.50000000000000
199.50000000000000
199.25000000000000
199.25000000000000
199.25000000000000
199.75000000000000
199.75000000000000
200.00000000000000
200.00000000000000
200.25000000000000
199.25000000000000
199.25000000000000
199.75000000000000
199.75000000000000
200.00000000000000
199.25000000000000
199.25000000000000
199.00000000000000
199.00000000000000
200.00000000000000
199.25000000000000
199.25000000000000
198.00000000000000
198.00000000000000
198.50000000000000
199.00000000000000
199.00000000000000
199.75000000000000
199.75000000000000
200.00000000000000
198.75000000000000
198.75000000000000
198.25000000000000
198.25000000000000
198.75000000000000
199.00000000000000
199.00000000000000
199.50000000000000
199.50000000000000
199.00000000000000
198.50000000000000
198.50000000000000
198.50000000000000
198.50000000000000
199.25000000000000
199.25000000000000
199.25000000000000
198.50000000000000
198.50000000000000
197.25000000000000
196.75000000000000
196.75000000000000
196.00000000000000
196.00000000000000
198.00000000000000
198.00000000000000
199.25000000000000
199.25000000000000
199.25000000000000
198.00000000000000
198.00000000000000
198.25000000000000
198.25000000000000
198.25000000000000
198.50000000000000
198.50000000000000
197.75000000000000
198.50000000000000
198.50000000000000
199.25000000000000
199.25000000000000
198.00000000000000
198.00000000000000
198.00000000000000
198.75000000000000
198.75000000000000
199.50000000000000
198.25000000000000
198.25000000000000
197.50000000000000
197.50000000000000
197.50000000000000
197.25000000000000
197.25000000000000
197.25000000000000
197.25000000000000
197.75000000000000
198.25000000000000
198.25000000000000
198.50000000000000
198.50000000000000
196.25000000000000
196.25000000000000
197.25000000000000
197.50000000000000
197.50000000000000
197.50000000000000
197.50000000000000
197.25000000000000
197.25000000000000
197.25000000000000
196.75000000000000
196.75000000000000
197.00000000000000
197.25000000000000
197.25000000000000
197.50000000000000
197.50000000000000
197.00000000000000
198.75000000000000
198.75000000000000
198.00000000000000
198.00000000000000
197.75000000000000
198.50000000000000
198.50000000000000
196.50000000000000
196.50000000000000
197.50000000000000
197.50000000000000
197.75000000000000
196.75000000000000
196.75000000000000
196.00000000000000
196.00000000000000
197.25000000000000
196.50000000000000
196.50000000000000
197.50000000000000
197.50000000000000
197.50000000000000
196.00000000000000
196.00000000000000
196.00000000000000
196.00000000000000
196.50000000000000
196.75000000000000
196.75000000000000
195.75000000000000
195.75000000000000
194.50000000000000
197.00000000000000
197.00000000000000
198.25000000000000
197.75000000000000
197.75000000000000
198.50000000000000
198.50000000000000
197.75000000000000
197.75000000000000
197.25000000000000
196.25000000000000
196.25000000000000
196.50000000000000
196.50000000000000
197.25000000000000
197.25000000000000
197.25000000000000
197.25000000000000
197.25000000000000
197.00000000000000
197.00000000000000
197.00000000000000
197.50000000000000
197.50000000000000
195.00000000000000
195.00000000000000
195.50000000000000
197.00000000000000
197.00000000000000
197.25000000000000
197.25000000000000
198.00000000000000
198.50000000000000
198.50000000000000
198.50000000000000
198.50000000000000
198.25000000000000
197.50000000000000
197.50000000000000
197.50000000000000
197.50000000000000
199.25000000000000
199.25000000000000
197.50000000000000
197.50000000000000
197.50000000000000
197.00000000000000
197.00000000000000
197.25000000000000
196.75000000000000
196.75000000000000
197.25000000000000
197.25000000000000
197.50000000000000
197.50000000000000
198.00000000000000
196.75000000000000
196.75000000000000
196.25000000000000
196.25000000000000
196.25000000000000
196.75000000000000
196.75000000000000
196.00000000000000
196.00000000000000
195.75000000000000
196.25000000000000
196.25000000000000
196.75000000000000
196.75000000000000
196.75000000000000
195.75000000000000
195.75000000000000
194.75000000000000
194.75000000000000
195.25000000000000
196.00000000000000
196.00000000000000
196.00000000000000
196.00000000000000
196.25000000000000
196.25000000000000
196.50000000000000
196.50000000000000
196.50000000000000
196.25000000000000
196.25000000000000
196.50000000000000
196.75000000000000
196.75000000000000
196.25000000000000
196.25000000000000
196.25000000000000
195.75000000000000
195.75000000000000
195.75000000000000
195.75000000000000
195.75000000000000
195.75000000000000
195.25000000000000
195.50000000000000
195.50000000000000
196.25000000000000
196.25000000000000
196.25000000000000
196.00000000000000
196.00000000000000
195.50000000000000
195.50000000000000
194.25000000000000
193.50000000000000
193.50000000000000
193.50000000000000
193.50000000000000
195.50000000000000
195.50000000000000
196.25000000000000
196.25000000000000
196.25000000000000
194.00000000000000
194.00000000000000
193.50000000000000
193.50000000000000
194.25000000000000
195.25000000000000
195.25000000000000
195.50000000000000
195.50000000000000
196.25000000000000
196.25000000000000
196.25000000000000
196.00000000000000
196.00000000000000
195.75000000000000
195.75000000000000
195.75000000000000
195.75000000000000
196.00000000000000
196.00000000000000
196.00000000000000
195.75000000000000
195.75000000000000
195.75000000000000
195.75000000000000
195.75000000000000
195.75000000000000
195.75000000000000
196.00000000000000
196.00000000000000
196.00000000000000
194.50000000000000
194.50000000000000
194.00000000000000
194.00000000000000
194.00000000000000
194.75000000000000
194.75000000000000
195.00000000000000
195.00000000000000
195.50000000000000
195.25000000000000
195.25000000000000
194.75000000000000
194.75000000000000
196.00000000000000
195.75000000000000
195.75000000000000
196.25000000000000
196.25000000000000
196.00000000000000
195.75000000000000
195.75000000000000
195.75000000000000
195.75000000000000
195.75000000000000
195.75000000000000
196.25000000000000
196.25000000000000
195.75000000000000
196.25000000000000
196.25000000000000
196.25000000000000
196.25000000000000
195.50000000000000
195.75000000000000
195.75000000000000
197.25000000000000
196.50000000000000
196.50000000000000
196.50000000000000
196.50000000000000
196.75000000000000
196.75000000000000
196.25000000000000
196.25000000000000
197.00000000000000
197.50000000000000
197.50000000000000
197.75000000000000
196.25000000000000
196.25000000000000
195.75000000000000
195.75000000000000
196.75000000000000
196.75000000000000
196.75000000000000
197.00000000000000
197.00000000000000
197.00000000000000
197.00000000000000
198.25000000000000
198.25000000000000
197.75000000000000
195.00000000000000
195.00000000000000
194.75000000000000
194.75000000000000
195.50000000000000
196.00000000000000
196.00000000000000
196.00000000000000
196.00000000000000
196.25000000000000
197.75000000000000
197.75000000000000
196.25000000000000
196.25000000000000
195.50000000000000
195.25000000000000
195.25000000000000
195.25000000000000
195.25000000000000
195.00000000000000
195.00000000000000
195.25000000000000
195.75000000000000
195.75000000000000
194.75000000000000
194.75000000000000
195.00000000000000
193.75000000000000
193.75000000000000
193.75000000000000
193.75000000000000
193.50000000000000
193.50000000000000
193.75000000000000
192.75000000000000
192.75000000000000
191.50000000000000
191.50000000000000
194.25000000000000
194.50000000000000
194.50000000000000
193.00000000000000
193.00000000000000
192.00000000000000
191.00000000000000
191.00000000000000
191.25000000000000
191.25000000000000
192.00000000000000
192.00000000000000
190.75000000000000
189.75000000000000
189.75000000000000
189.25000000000000
189.25000000000000
187.75000000000000
187.75000000000000
187.50000000000000
187.50000000000000
183.75000000000000
183.75000000000000
181.25000000000000
180.75000000000000
180.75000000000000
176.25000000000000
176.25000000000000
170.75000000000000
170.75000000000000
168.50000000000000
167.75000000000000
167.75000000000000
166.75000000000000
166.75000000000000
168.00000000000000
168.00000000000000
167.75000000000000
167.75000000000000
166.75000000000000
166.75000000000000
166.50000000000000
166.50000000000000
166.00000000000000
166.00000000000000
165.00000000000000
165.00000000000000
165.25000000000000
165.25000000000000
167.25000000000000
167.25000000000000
168.00000000000000
168.00000000000000
168.25000000000000
168.25000000000000
171.75000000000000
173.00000000000000
173.00000000000000
174.00000000000000
174.00000000000000
178.50000000000000
178.50000000000000
179.75000000000000
179.75000000000000
179.25000000000000
179.25000000000000
177.75000000000000
177.75000000000000
178.25000000000000
178.00000000000000
178.00000000000000
177.25000000000000
177.25000000000000
179.25000000000000
179.25000000000000
181.75000000000000
181.75000000000000
178.00000000000000
178.00000000000000
181.00000000000000
183.25000000000000
183.25000000000000
183.25000000000000
183.25000000000000
183.00000000000000
183.00000000000000
184.75000000000000
184.75000000000000
187.00000000000000
188.25000000000000
188.25000000000000
187.75000000000000
187.75000000000000
189.00000000000000
189.00000000000000
190.25000000000000
190.00000000000000
190.00000000000000
191.00000000000000
191.00000000000000
192.75000000000000
192.75000000000000
192.25000000000000
191.75000000000000
191.75000000000000
191.25000000000000
191.75000000000000
191.75000000000000
193.25000000000000
193.25000000000000
194.25000000000000
195.50000000000000
195.50000000000000
195.75000000000000
195.75000000000000
196.50000000000000
196.50000000000000
196.75000000000000
196.00000000000000
196.00000000000000
196.75000000000000
196.75000000000000
198.50000000000000
197.50000000000000
197.50000000000000
197.25000000000000
197.00000000000000
197.00000000000000
199.25000000000000
199.25000000000000
199.75000000000000
199.75000000000000
200.00000000000000
200.00000000000000
200.00000000000000
200.00000000000000
200.00000000000000
200.00000000000000
198.75000000000000
198.75000000000000
197.50000000000000
197.50000000000000
198.00000000000000
198.00000000000000
198.25000000000000
197.75000000000000
197.75000000000000
198.00000000000000
199.00000000000000
199.00000000000000
199.50000000000000
199.50000000000000
199.25000000000000
199.25000000000000
199.25000000000000
198.25000000000000
198.25000000000000
198.00000000000000
197.50000000000000
197.50000000000000
199.00000000000000
199.00000000000000
198.50000000000000
198.25000000000000
198.25000000000000
198.25000000000000
198.25000000000000
199.50000000000000
199.75000000000000
199.75000000000000
198.75000000000000
198.75000000000000
197.50000000000000
197.00000000000000
197.00000000000000
197.00000000000000
197.00000000000000
197.25000000000000
197.50000000000000
197.50000000000000
198.25000000000000
198.00000000000000
198.00000000000000
198.00000000000000
198.00000000000000
198.00000000000000
198.00000000000000
198.50000000000000
194.75000000000000
194.75000000000000
196.00000000000000
196.00000000000000
198.00000000000000
200.75000000000000
200.75000000000000
199.50000000000000
199.50000000000000
199.25000000000000
199.00000000000000
199.00000000000000
197.75000000000000
197.75000000000000
198.00000000000000
198.00000000000000
198.75000000000000
199.50000000000000
199.50000000000000
199.25000000000000
198.25000000000000
198.25000000000000
197.75000000000000
197.75000000000000
197.00000000000000
197.00000000000000
197.00000000000000
197.25000000000000
197.25000000000000
198.25000000000000
198.75000000000000
198.75000000000000
198.75000000000000
198.75000000000000
199.50000000000000
198.75000000000000
198.75000000000000
198.50000000000000
198.50000000000000
198.75000000000000
199.50000000000000
199.50000000000000
198.75000000000000
198.75000000000000
198.25000000000000
198.25000000000000
198.75000000000000
198.50000000000000
198.50000000000000
197.00000000000000
197.00000000000000
196.75000000000000
196.75000000000000
197.00000000000000
197.00000000000000
197.00000000000000
197.25000000000000
197.25000000000000
197.25000000000000
197.25000000000000
195.50000000000000
196.00000000000000
196.00000000000000
197.75000000000000
198.00000000000000
198.00000000000000
198.00000000000000
198.00000000000000
197.50000000000000
198.50000000000000
198.50000000000000
199.00000000000000
199.00000000000000
199.00000000000000
199.00000000000000
199.00000000000000
199.50000000000000
199.50000000000000
199.25000000000000
199.75000000000000
199.75000000000000
199.50000000000000
199.50000000000000
199.50000000000000
199.75000000000000
199.75000000000000
198.50000000000000
198.50000000000000
199.50000000000000
198.75000000000000
198.75000000000000
198.25000000000000
198.25000000000000
198.25000000000000
198.25000000000000
198.25000000000000
198.50000000000000
198.50000000000000
198.75000000000000
198.25000000000000
198.25000000000000
198.25000000000000
198.25000000000000
198.25000000000000
198.25000000000000
198.25000000000000
198.25000000000000
198.25000000000000
198.00000000000000
198.00000000000000
198.00000000000000
198.00000000000000
198.00000000000000
198.00000000000000
198.00000000000000
198.25000000000000
198.25000000000000
198.25000000000000
198.00000000000000
198.00000000000000
196.50000000000000
197.25000000000000
197.25000000000000
197.50000000000000
197.50000000000000
196.50000000000000
196.50000000000000
194.75000000000000
194.00000000000000
194.00000000000000
194.25000000000000
194.25000000000000
193.75000000000000
193.75000000000000
194.75000000000000
196.00000000000000
196.00000000000000
197.25000000000000
197.25000000000000
196.50000000000000
195.50000000000000
195.50000000000000
193.75000000000000
193.75000000000000
192.75000000000000
192.00000000000000
192.00000000000000
193.50000000000000
193.50000000000000
194.25000000000000
194.25000000000000
194.00000000000000
194.50000000000000
194.50000000000000
195.75000000000000
195.75000000000000
192.75000000000000
192.75000000000000
192.75000000000000
192.75000000000000
192.75000000000000
192.00000000000000
192.00000000000000
191.75000000000000
191.75000000000000
191.75000000000000
189.75000000000000
189.75000000000000
190.25000000000000
190.25000000000000
191.50000000000000
191.50000000000000
190.00000000000000
190.00000000000000
190.00000000000000
190.25000000000000
190.25000000000000
189.75000000000000
189.00000000000000
189.00000000000000
188.25000000000000
188.25000000000000
187.75000000000000
187.75000000000000
186.75000000000000
186.75000000000000
185.75000000000000
187.50000000000000
187.50000000000000
188.75000000000000
188.75000000000000
190.75000000000000
190.75000000000000
189.00000000000000
188.25000000000000
188.25000000000000
187.25000000000000
187.25000000000000
187.00000000000000
187.00000000000000
187.25000000000000
187.25000000000000
187.25000000000000
187.25000000000000
187.25000000000000
188.25000000000000
188.25000000000000
188.50000000000000
188.50000000000000
187.50000000000000
187.50000000000000
185.75000000000000
185.75000000000000
184.75000000000000
183.75000000000000
183.75000000000000
187.75000000000000
187.75000000000000
188.25000000000000
188.25000000000000
186.50000000000000
186.50000000000000
190.00000000000000
190.00000000000000
188.75000000000000
188.00000000000000
188.00000000000000
187.75000000000000
187.75000000000000
187.75000000000000
187.75000000000000
186.25000000000000
186.25000000000000
185.00000000000000
185.00000000000000
183.75000000000000
183.50000000000000
183.50000000000000
184.50000000000000
184.50000000000000
184.50000000000000
184.50000000000000
186.75000000000000
184.50000000000000
184.50000000000000
185.00000000000000
185.00000000000000
185.75000000000000
185.75000000000000
185.25000000000000
185.25000000000000
187.75000000000000
187.75000000000000
187.75000000000000
188.75000000000000
188.75000000000000
187.25000000000000
187.25000000000000
190.50000000000000
190.00000000000000
190.00000000000000
190.25000000000000
190.25000000000000
190.00000000000000
190.00000000000000
190.00000000000000
190.00000000000000
190.00000000000000
189.75000000000000
189.75000000000000
189.25000000000000
189.25000000000000
190.75000000000000
188.00000000000000
188.00000000000000
185.00000000000000
185.00000000000000
187.50000000000000
190.00000000000000
190.00000000000000
191.00000000000000
191.00000000000000
192.25000000000000
192.75000000000000
192.75000000000000
192.00000000000000
192.00000000000000
192.00000000000000
192.00000000000000
188.25000000000000
191.25000000000000
191.25000000000000
192.75000000000000
192.75000000000000
192.50000000000000
192.50000000000000
192.50000000000000
193.25000000000000
193.25000000000000
192.75000000000000
192.75000000000000
192.25000000000000
192.25000000000000
192.75000000000000
193.00000000000000
193.00000000000000
194.75000000000000
194.75000000000000
194.25000000000000
194.25000000000000
194.25000000000000
194.50000000000000
194.50000000000000
194.00000000000000
194.00000000000000
192.50000000000000
193.25000000000000
193.25000000000000
194.00000000000000
194.00000000000000
194.50000000000000
194.75000000000000
194.75000000000000
195.00000000000000
195.00000000000000
194.75000000000000
195.00000000000000
195.00000000000000
195.00000000000000
195.00000000000000
195.00000000000000
195.00000000000000
195.00000000000000
195.00000000000000
195.00000000000000
195.00000000000000
193.00000000000000
193.00000000000000
193.00000000000000
193.00000000000000
194.50000000000000
194.50000000000000
196.00000000000000
196.00000000000000
196.00000000000000
195.25000000000000
195.50000000000000
195.50000000000000
195.50000000000000
195.50000000000000
195.00000000000000
195.00000000000000
195.50000000000000
195.75000000000000
195.75000000000000
196.00000000000000
196.00000000000000
196.00000000000000
196.00000000000000
196.00000000000000
194.50000000000000
194.50000000000000
195.25000000000000
196.00000000000000
196.00000000000000
196.00000000000000
196.00000000000000
196.00000000000000
195.25000000000000
195.25000000000000
195.25000000000000
195.25000000000000
194.75000000000000
194.00000000000000
194.00000000000000
193.00000000000000
193.00000000000000
195.00000000000000
196.50000000000000
196.50000000000000
193.75000000000000
194.25000000000000
194.25000000000000
194.75000000000000
194.75000000000000
195.00000000000000
194.75000000000000
194.75000000000000
194.75000000000000
194.75000000000000
194.50000000000000
194.00000000000000
194.00000000000000
193.75000000000000
193.75000000000000
193.75000000000000
193.75000000000000
194.00000000000000
193.00000000000000
193.00000000000000
193.25000000000000
193.25000000000000
192.75000000000000
192.75000000000000
193.25000000000000
192.50000000000000
192.50000000000000
192.75000000000000
192.75000000000000
194.00000000000000
193.75000000000000
193.75000000000000
193.50000000000000
193.50000000000000
194.00000000000000
194.00000000000000
194.00000000000000
194.00000000000000
194.00000000000000
194.25000000000000
194.25000000000000
195.00000000000000
195.00000000000000
195.25000000000000
195.25000000000000
195.50000000000000
195.25000000000000
195.25000000000000
195.00000000000000
195.00000000000000
195.00000000000000
194.50000000000000
194.50000000000000
194.50000000000000
194.50000000000000
195.00000000000000
195.00000000000000
195.00000000000000
194.25000000000000
194.25000000000000
193.75000000000000
193.75000000000000
193.75000000000000
193.75000000000000
193.75000000000000
195.25000000000000
195.25000000000000
195.25000000000000
195.25000000000000
195.25000000000000
195.25000000000000
195.50000000000000
195.75000000000000
195.75000000000000
195.75000000000000
195.75000000000000
195.75000000000000
195.75000000000000
195.75000000000000
195.25000000000000
195.25000000000000
194.75000000000000
194.75000000000000
194.50000000000000
194.50000000000000
194.50000000000000
194.00000000000000
194.00000000000000
192.75000000000000
192.50000000000000
192.50000000000000
193.00000000000000
193.00000000000000
193.50000000000000
193.50000000000000
193.00000000000000
193.00000000000000
193.50000000000000
194.00000000000000
194.00000000000000
194.50000000000000
194.50000000000000
194.00000000000000
194.00000000000000
194.00000000000000
194.00000000000000
194.00000000000000
194.00000000000000
194.00000000000000
193.75000000000000
193.75000000000000
193.75000000000000
194.00000000000000
194.00000000000000
194.25000000000000
194.25000000000000
194.25000000000000
194.50000000000000
194.50000000000000
194.00000000000000
194.00000000000000
194.25000000000000
194.50000000000000
194.50000000000000
194.00000000000000
194.00000000000000
194.50000000000000
194.50000000000000
192.75000000000000
191.25000000000000
191.25000000000000
192.00000000000000
192.00000000000000
192.25000000000000
192.25000000000000
192.75000000000000
192.75000000000000
193.00000000000000
192.75000000000000
192.75000000000000
192.50000000000000
192.50000000000000
191.00000000000000
191.00000000000000
190.25000000000000
190.25000000000000
190.25000000000000
189.50000000000000
189.50000000000000
191.00000000000000
191.00000000000000
192.25000000000000
192.00000000000000
192.00000000000000
191.50000000000000
191.50000000000000
190.25000000000000
189.50000000000000
189.50000000000000
190.25000000000000
190.25000000000000
189.50000000000000
189.50000000000000
190.00000000000000
190.00000000000000
189.50000000000000
188.75000000000000
188.75000000000000
188.25000000000000
188.25000000000000
188.75000000000000
188.75000000000000
189.75000000000000
190.50000000000000
190.50000000000000
190.50000000000000
190.50000000000000
191.25000000000000
191.75000000000000
191.75000000000000
188.50000000000000
188.50000000000000
187.75000000000000
188.25000000000000
188.25000000000000
187.50000000000000
187.50000000000000
187.50000000000000
187.50000000000000
187.50000000000000
187.50000000000000
186.25000000000000
186.25000000000000
185.00000000000000
185.00000000000000
184.75000000000000
184.75000000000000
185.25000000000000
186.25000000000000
186.25000000000000
187.00000000000000
187.00000000000000
185.75000000000000
185.75000000000000
185.75000000000000
184.50000000000000
184.50000000000000
185.50000000000000
185.50000000000000
185.75000000000000
185.75000000000000
185.75000000000000
183.25000000000000
183.25000000000000
181.75000000000000
181.75000000000000
179.75000000000000
179.75000000000000
180.25000000000000
177.75000000000000
177.75000000000000
176.75000000000000
176.75000000000000
175.75000000000000
175.75000000000000
175.50000000000000
175.50000000000000
175.75000000000000
175.75000000000000
174.75000000000000
174.00000000000000
174.00000000000000
173.00000000000000
173.00000000000000
173.00000000000000
173.00000000000000
173.50000000000000
174.25000000000000
174.25000000000000
175.00000000000000
175.00000000000000
174.75000000000000
174.75000000000000
175.50000000000000
175.50000000000000
175.75000000000000
175.25000000000000
175.25000000000000
175.00000000000000
175.00000000000000
175.25000000000000
175.25000000000000
175.25000000000000
176.25000000000000
176.25000000000000
175.50000000000000
175.50000000000000
174.50000000000000
174.50000000000000
175.25000000000000
175.25000000000000
174.50000000000000
174.50000000000000
174.75000000000000
175.25000000000000
175.25000000000000
174.25000000000000
174.25000000000000
172.75000000000000
172.25000000000000
172.25000000000000
172.25000000000000
172.50000000000000
172.50000000000000
173.75000000000000
173.75000000000000
174.00000000000000
172.00000000000000
172.00000000000000
169.25000000000000
169.25000000000000
169.25000000000000
167.75000000000000
167.75000000000000
170.75000000000000
171.00000000000000
171.00000000000000
170.75000000000000
170.75000000000000
171.00000000000000
171.00000000000000
171.25000000000000
171.25000000000000
172.50000000000000
172.50000000000000
173.75000000000000
173.75000000000000
174.25000000000000
174.25000000000000
175.50000000000000
175.50000000000000
175.75000000000000
175.75000000000000
176.25000000000000
176.25000000000000
176.75000000000000
177.00000000000000
177.00000000000000
177.25000000000000
177.25000000000000
177.00000000000000
177.00000000000000
177.00000000000000
177.00000000000000
177.50000000000000
177.25000000000000
177.25000000000000
180.00000000000000
180.00000000000000
180.25000000000000
180.25000000000000
178.00000000000000
178.00000000000000
175.75000000000000
175.75000000000000
173.00000000000000
173.00000000000000
173.00000000000000
173.00000000000000
171.00000000000000
171.00000000000000
172.00000000000000
174.25000000000000
174.25000000000000
175.00000000000000
175.00000000000000
174.50000000000000
174.50000000000000
174.50000000000000
174.50000000000000
175.50000000000000
175.75000000000000
175.75000000000000
175.75000000000000
175.75000000000000
174.75000000000000
174.75000000000000
174.75000000000000
174.75000000000000
175.50000000000000
175.50000000000000
174.50000000000000
174.50000000000000
174.25000000000000
174.25000000000000
174.25000000000000
174.25000000000000
174.00000000000000
172.50000000000000
172.50000000000000
173.50000000000000
173.50000000000000
173.00000000000000
173.00000000000000
173.00000000000000
173.00000000000000
171.75000000000000
171.75000000000000
171.75000000000000
171.75000000000000
171.75000000000000
171.00000000000000
173.50000000000000
173.50000000000000
175.25000000000000
175.25000000000000
175.50000000000000
175.50000000000000
175.25000000000000
175.25000000000000
175.25000000000000
174.25000000000000
174.25000000000000
174.25000000000000
174.75000000000000
174.75000000000000
175.75000000000000
175.50000000000000
175.50000000000000
176.00000000000000
176.00000000000000
176.25000000000000
176.25000000000000
174.50000000000000
174.50000000000000
173.50000000000000
174.50000000000000
174.50000000000000
173.50000000000000
173.50000000000000
174.50000000000000
174.50000000000000
173.50000000000000
173.50000000000000
173.50000000000000
173.25000000000000
173.25000000000000
173.25000000000000
171.25000000000000
171.25000000000000
171.00000000000000
171.00000000000000
171.75000000000000
171.75000000000000
171.25000000000000
171.25000000000000
171.25000000000000
171.25000000000000
171.25000000000000
173.25000000000000
173.50000000000000
173.50000000000000
173.00000000000000
173.00000000000000
173.25000000000000
173.25000000000000
173.75000000000000
174.25000000000000
174.25000000000000
176.75000000000000
176.75000000000000
176.75000000000000
175.25000000000000
175.25000000000000
175.00000000000000
175.00000000000000
176.00000000000000
176.00000000000000
177.25000000000000
177.50000000000000
177.50000000000000
176.50000000000000
176.50000000000000
177.25000000000000
177.25000000000000
176.50000000000000
176.50000000000000
176.75000000000000
176.75000000000000
176.25000000000000
177.00000000000000
177.00000000000000
176.75000000000000
176.75000000000000
176.00000000000000
176.00000000000000
174.75000000000000
174.75000000000000
175.25000000000000
175.25000000000000
172.75000000000000
172.75000000000000
171.75000000000000
171.75000000000000
172.75000000000000
172.75000000000000
173.00000000000000
174.50000000000000
174.50000000000000
176.00000000000000
176.00000000000000
176.50000000000000
176.75000000000000
176.75000000000000
176.75000000000000
178.00000000000000
178.25000000000000
178.25000000000000
177.50000000000000
177.50000000000000
177.75000000000000
177.75000000000000
178.75000000000000
178.75000000000000
179.00000000000000
179.75000000000000
179.75000000000000
180.00000000000000
180.00000000000000
180.25000000000000
180.25000000000000
180.25000000000000
180.25000000000000
180.25000000000000
180.25000000000000
180.25000000000000
180.50000000000000
180.50000000000000
184.00000000000000
184.00000000000000
184.25000000000000
183.75000000000000
183.75000000000000
183.25000000000000
183.25000000000000
183.00000000000000
183.00000000000000
182.25000000000000
182.25000000000000
181.50000000000000
181.50000000000000
180.50000000000000
181.25000000000000
181.25000000000000
181.25000000000000
181.25000000000000
181.25000000000000
181.00000000000000
181.00000000000000
181.50000000000000
181.50000000000000
181.75000000000000
181.75000000000000
182.50000000000000
182.50000000000000
182.25000000000000
181.75000000000000
181.75000000000000
181.75000000000000
181.75000000000000
181.00000000000000
181.00000000000000
181.50000000000000
181.50000000000000
181.50000000000000
181.75000000000000
181.75000000000000
181.00000000000000
182.00000000000000
182.00000000000000
183.00000000000000
183.00000000000000
182.50000000000000
182.50000000000000
181.75000000000000
182.75000000000000
182.75000000000000
182.75000000000000
183.00000000000000
182.50000000000000
182.50000000000000
184.25000000000000
184.00000000000000
184.00000000000000
184.25000000000000
184.25000000000000
185.25000000000000
185.25000000000000
185.25000000000000
184.75000000000000
184.75000000000000
183.50000000000000
183.50000000000000
182.75000000000000
182.75000000000000
185.00000000000000
185.50000000000000
185.50000000000000
184.50000000000000
184.50000000000000
184.75000000000000
184.75000000000000
184.00000000000000
184.00000000000000
184.00000000000000
183.50000000000000
183.50000000000000
183.50000000000000
182.50000000000000
182.50000000000000
184.25000000000000
184.25000000000000
185.25000000000000
185.25000000000000
185.50000000000000
185.25000000000000
185.25000000000000
184.50000000000000
184.50000000000000
184.25000000000000
184.25000000000000
184.25000000000000
184.25000000000000
184.25000000000000
183.50000000000000
183.50000000000000
184.75000000000000
184.75000000000000
185.50000000000000
186.00000000000000
186.00000000000000
185.75000000000000
185.75000000000000
185.50000000000000
186.50000000000000
186.50000000000000
187.25000000000000
187.25000000000000
187.25000000000000
187.25000000000000
186.25000000000000
186.25000000000000
186.00000000000000
185.00000000000000
185.00000000000000
185.25000000000000
185.25000000000000
185.50000000000000
185.50000000000000
186.00000000000000
186.00000000000000
185.75000000000000
184.75000000000000
184.75000000000000
184.50000000000000
184.50000000000000
185.25000000000000
185.25000000000000
185.50000000000000
185.50000000000000
185.50000000000000
185.75000000000000
185.75000000000000
186.00000000000000
186.00000000000000
186.00000000000000
186.00000000000000
186.50000000000000
186.50000000000000
186.75000000000000
185.75000000000000
185.75000000000000
186.25000000000000
186.25000000000000
186.50000000000000
186.50000000000000
187.00000000000000
186.25000000000000
186.25000000000000
186.25000000000000
186.25000000000000
186.50000000000000
186.50000000000000
186.75000000000000
186.75000000000000
187.00000000000000
187.00000000000000
187.00000000000000
187.00000000000000
187.00000000000000
187.00000000000000
187.00000000000000
187.25000000000000
187.25000000000000
187.25000000000000
187.25000000000000
186.50000000000000
185.50000000000000
185.50000000000000
185.50000000000000
185.50000000000000
185.50000000000000
185.50000000000000
185.50000000000000
185.50000000000000
185.50000000000000
185.50000000000000
185.50000000000000
185.50000000000000
185.75000000000000
185.00000000000000
185.00000000000000
185.50000000000000
185.50000000000000
185.50000000000000
185.50000000000000
185.25000000000000
185.25000000000000
185.25000000000000
185.25000000000000
185.50000000000000
185.50000000000000
185.50000000000000
185.75000000000000
185.75000000000000
186.00000000000000
186.00000000000000
186.75000000000000
186.75000000000000
187.00000000000000
187.00000000000000
187.00000000000000
186.50000000000000
186.50000000000000
185.75000000000000
185.75000000000000
189.00000000000000
189.00000000000000
188.75000000000000
187.75000000000000
187.75000000000000
186.75000000000000
186.75000000000000
187.00000000000000
187.00000000000000
187.00000000000000
187.25000000000000
187.25000000000000
187.25000000000000
187.25000000000000
187.25000000000000
187.25000000000000
187.00000000000000
187.00000000000000
186.25000000000000
186.00000000000000
186.00000000000000
185.75000000000000
185.75000000000000
185.75000000000000
185.75000000000000
185.75000000000000
185.75000000000000
186.00000000000000
186.00000000000000
186.00000000000000
186.00000000000000
186.25000000000000
186.25000000000000
186.75000000000000
186.75000000000000
187.00000000000000
187.00000000000000
187.00000000000000
187.25000000000000
187.25000000000000
186.50000000000000
186.50000000000000
186.75000000000000
186.75000000000000
186.50000000000000
186.50000000000000
186.50000000000000
186.75000000000000
186.75000000000000
187.00000000000000
187.00000000000000
187.25000000000000
187.25000000000000
187.50000000000000
187.50000000000000
187.50000000000000
187.50000000000000
187.50000000000000
187.50000000000000
187.50000000000000
187.50000000000000
187.50000000000000
187.50000000000000
187.75000000000000
187.75000000000000
187.75000000000000
187.75000000000000
187.75000000000000
187.75000000000000
187.75000000000000
187.75000000000000
187.75000000000000
187.50000000000000
187.50000000000000
187.75000000000000
187.75000000000000
187.75000000000000
187.75000000000000
188.25000000000000
188.50000000000000
188.50000000000000
187.75000000000000
187.75000000000000
187.75000000000000
187.75000000000000
188.00000000000000
188.00000000000000
188.00000000000000
188.25000000000000
188.25000000000000
188.25000000000000
188.25000000000000
187.75000000000000
187.75000000000000
187.75000000000000
187.75000000000000
187.75000000000000
187.75000000000000
187.50000000000000
187.00000000000000
187.00000000000000
187.00000000000000
187.00000000000000
186.50000000000000
186.50000000000000
186.00000000000000
186.00000000000000
186.50000000000000
186.50000000000000
186.75000000000000
188.00000000000000
188.00000000000000
187.75000000000000
187.75000000000000
187.25000000000000
187.25000000000000
187.50000000000000
187.50000000000000
186.00000000000000
186.25000000000000
186.25000000000000
187.75000000000000
187.75000000000000
188.00000000000000
188.00000000000000
188.00000000000000
188.00000000000000
188.50000000000000
188.50000000000000
188.75000000000000
188.75000000000000
188.75000000000000
189.00000000000000
189.00000000000000
189.00000000000000
189.00000000000000
188.75000000000000
188.75000000000000
188.75000000000000
188.25000000000000
188.25000000000000
188.25000000000000
188.25000000000000
187.50000000000000
187.50000000000000
187.75000000000000
187.75000000000000
188.50000000000000
188.25000000000000
188.25000000000000
188.50000000000000
188.50000000000000
189.00000000000000
189.00000000000000
189.00000000000000
188.75000000000000
188.75000000000000
188.75000000000000
188.75000000000000
188.75000000000000
188.75000000000000
188.75000000000000
188.75000000000000
188.75000000000000
188.25000000000000
188.25000000000000
187.75000000000000
187.50000000000000
187.50000000000000
187.50000000000000
187.50000000000000
187.25000000000000
187.25000000000000
187.25000000000000
187.25000000000000
187.50000000000000
187.75000000000000
187.75000000000000
187.75000000000000
187.75000000000000
187.75000000000000
187.75000000000000
187.75000000000000
187.75000000000000
187.75000000000000
187.75000000000000
187.75000000000000
187.75000000000000
187.75000000000000
187.75000000000000
187.75000000000000
187.75000000000000
187.75000000000000
187.75000000000000
187.75000000000000
188.25000000000000
188.25000000000000
188.00000000000000
187.75000000000000
187.75000000000000
187.75000000000000
187.75000000000000
187.75000000000000
187.75000000000000
188.00000000000000
188.00000000000000
188.00000000000000
187.75000000000000
187.75000000000000
187.75000000000000
187.75000000000000
187.75000000000000
187.50000000000000
187.50000000000000
187.50000000000000
187.50000000000000
187.75000000000000
187.75000000000000
187.75000000000000
187.75000000000000
188.00000000000000
188.00000000000000
188.00000000000000
188.25000000000000
188.25000000000000
188.00000000000000
188.00000000000000
188.00000000000000
188.00000000000000
188.00000000000000
188.00000000000000
188.00000000000000
187.75000000000000
187.75000000000000
187.50000000000000
187.50000000000000
187.50000000000000
187.50000000000000
187.25000000000000
187.25000000000000
187.25000000000000
187.50000000000000
187.50000000000000
187.50000000000000
187.50000000000000
187.75000000000000
187.75000000000000
187.75000000000000
187.75000000000000
187.75000000000000
188.00000000000000
188.00000000000000
188.00000000000000
188.00000000000000
188.25000000000000
188.25000000000000
187.75000000000000
186.75000000000000
186.75000000000000
187.00000000000000
187.00000000000000
188.00000000000000
188.00000000000000
188.75000000000000
188.75000000000000
189.00000000000000
189.00000000000000
188.75000000000000
188.75000000000000
188.75000000000000
188.75000000000000
188.75000000000000
188.75000000000000
188.75000000000000
188.75000000000000
188.75000000000000
188.75000000000000
188.75000000000000
189.00000000000000
189.00000000000000
189.00000000000000
188.75000000000000
188.75000000000000
188.75000000000000
188.75000000000000
190.25000000000000
190.25000000000000
190.25000000000000
189.50000000000000
189.50000000000000
189.25000000000000
189.25000000000000
189.50000000000000
189.50000000000000
189.50000000000000
189.50000000000000
189.50000000000000
189.00000000000000
189.25000000000000
189.25000000000000
189.50000000000000
189.50000000000000
189.50000000000000
189.50000000000000
189.50000000000000
189.50000000000000
189.25000000000000
189.50000000000000
189.50000000000000
189.25000000000000
189.25000000000000
189.25000000000000
189.25000000000000
187.50000000000000
186.75000000000000
186.75000000000000
186.25000000000000
186.25000000000000
186.75000000000000
186.75000000000000
186.00000000000000
186.00000000000000
185.75000000000000
184.50000000000000
184.50000000000000
185.00000000000000
185.00000000000000
184.25000000000000
184.25000000000000
182.25000000000000
181.50000000000000
181.50000000000000
181.25000000000000
181.25000000000000
179.75000000000000
179.75000000000000
180.25000000000000
180.25000000000000
179.75000000000000
179.75000000000000
178.75000000000000
177.75000000000000
177.75000000000000
177.75000000000000
177.50000000000000
176.50000000000000
176.50000000000000
175.50000000000000
175.50000000000000
175.50000000000000
175.50000000000000
176.50000000000000
176.50000000000000
176.50000000000000
176.50000000000000
176.75000000000000
176.75000000000000
177.00000000000000
177.00000000000000
177.25000000000000
177.25000000000000
176.50000000000000
176.50000000000000
176.25000000000000
175.75000000000000
175.75000000000000
174.50000000000000
174.50000000000000
174.75000000000000
174.75000000000000
173.50000000000000
173.50000000000000
172.50000000000000
171.50000000000000
171.50000000000000
169.25000000000000
169.25000000000000
166.75000000000000
166.25000000000000
166.25000000000000
167.25000000000000
167.25000000000000
168.50000000000000
168.50000000000000
169.50000000000000
169.50000000000000
171.00000000000000
171.00000000000000
172.25000000000000
172.25000000000000
173.25000000000000
174.25000000000000
174.25000000000000
174.75000000000000
174.75000000000000
175.00000000000000
175.00000000000000
173.75000000000000
173.75000000000000
174.25000000000000
174.25000000000000
174.25000000000000
174.25000000000000
174.25000000000000
173.25000000000000
173.25000000000000
173.00000000000000
173.00000000000000
173.00000000000000
173.00000000000000
173.00000000000000
174.25000000000000
174.25000000000000
174.75000000000000
175.00000000000000
175.00000000000000
175.50000000000000
175.50000000000000
175.25000000000000
173.75000000000000
173.75000000000000
174.75000000000000
174.75000000000000
174.75000000000000
174.75000000000000
175.50000000000000
175.50000000000000
174.50000000000000
174.50000000000000
173.00000000000000
173.00000000000000
173.00000000000000
173.00000000000000
173.50000000000000
173.50000000000000
173.50000000000000
173.50000000000000
172.00000000000000
171.25000000000000
171.25000000000000
173.25000000000000
173.25000000000000
175.75000000000000
175.75000000000000
177.25000000000000
177.25000000000000
178.50000000000000
178.50000000000000
179.00000000000000
179.00000000000000
181.00000000000000
181.00000000000000
182.75000000000000
182.75000000000000
183.25000000000000
183.25000000000000
182.50000000000000
182.00000000000000
182.00000000000000
183.00000000000000
183.00000000000000
182.50000000000000
182.50000000000000
183.25000000000000
183.25000000000000
182.50000000000000
182.50000000000000
182.75000000000000
182.75000000000000
184.25000000000000
185.25000000000000
185.25000000000000
183.75000000000000
183.75000000000000
185.00000000000000
185.00000000000000
185.25000000000000
185.25000000000000
185.00000000000000
185.00000000000000
184.75000000000000
184.75000000000000
186.00000000000000
186.00000000000000
187.00000000000000
188.25000000000000
188.25000000000000
189.25000000000000
189.25000000000000
189.25000000000000
189.25000000000000
188.75000000000000
188.75000000000000
188.75000000000000
188.75000000000000
189.25000000000000
189.75000000000000
189.75000000000000
190.50000000000000
190.50000000000000
190.50000000000000
190.50000000000000
190.75000000000000
191.50000000000000
191.50000000000000
192.00000000000000
192.00000000000000
192.00000000000000
192.00000000000000
192.00000000000000
191.50000000000000
191.50000000000000
191.50000000000000
191.50000000000000
192.25000000000000
192.25000000000000
192.25000000000000
192.50000000000000
191.25000000000000
191.25000000000000
191.75000000000000
191.75000000000000
192.75000000000000
191.75000000000000
191.75000000000000
191.75000000000000
191.75000000000000
191.50000000000000
191.75000000000000
191.75000000000000
191.50000000000000
191.50000000000000
192.25000000000000
192.25000000000000
192.25000000000000
191.50000000000000
191.50000000000000
191.00000000000000
191.25000000000000
191.25000000000000
190.75000000000000
190.75000000000000
190.75000000000000
190.00000000000000
190.00000000000000
190.00000000000000
190.00000000000000
191.50000000000000
192.50000000000000
192.50000000000000
192.25000000000000
192.25000000000000
192.25000000000000
193.00000000000000
193.00000000000000
191.75000000000000
191.75000000000000
192.00000000000000
192.25000000000000
192.25000000000000
192.00000000000000
192.00000000000000
192.00000000000000
192.00000000000000
192.25000000000000
192.25000000000000
192.50000000000000
192.50000000000000
192.00000000000000
192.25000000000000
192.25000000000000
192.25000000000000
192.25000000000000
191.75000000000000
191.75000000000000
192.00000000000000
192.00000000000000
192.00000000000000
191.75000000000000
191.75000000000000
192.00000000000000
192.00000000000000
192.00000000000000
192.00000000000000
192.00000000000000
192.00000000000000
192.00000000000000
192.00000000000000
192.00000000000000
191.75000000000000
191.75000000000000
191.00000000000000
189.75000000000000
189.75000000000000
190.75000000000000
190.75000000000000
191.00000000000000
191.00000000000000
190.75000000000000
190.75000000000000
190.75000000000000
189.75000000000000
189.75000000000000
189.50000000000000
189.50000000000000
190.25000000000000
190.25000000000000
190.50000000000000
190.50000000000000
190.50000000000000
190.00000000000000
190.00000000000000
190.50000000000000
190.50000000000000
190.75000000000000
190.50000000000000
190.50000000000000
189.75000000000000
189.75000000000000
190.25000000000000
190.25000000000000
190.25000000000000
190.25000000000000
190.50000000000000
190.50000000000000
190.75000000000000
191.00000000000000
191.00000000000000
191.00000000000000
191.00000000000000
191.00000000000000
191.00000000000000
191.00000000000000
191.25000000000000
191.25000000000000
191.50000000000000
191.50000000000000
191.50000000000000
191.50000000000000
191.25000000000000
191.50000000000000
191.50000000000000
192.00000000000000
192.00000000000000
192.00000000000000
192.00000000000000
192.00000000000000
192.00000000000000
192.25000000000000
192.25000000000000
192.25000000000000
192.25000000000000
192.25000000000000
192.25000000000000
192.25000000000000
192.25000000000000
192.00000000000000
192.00000000000000
192.25000000000000
192.25000000000000
192.25000000000000
192.25000000000000
192.25000000000000
192.25000000000000
192.50000000000000
192.00000000000000
192.00000000000000
191.25000000000000
191.25000000000000
190.50000000000000
190.50000000000000
190.75000000000000
190.75000000000000
190.75000000000000
190.75000000000000
190.75000000000000
191.25000000000000
191.25000000000000
191.25000000000000
191.25000000000000
190.75000000000000
190.75000000000000
190.75000000000000
190.75000000000000
190.75000000000000
191.75000000000000
191.75000000000000
192.00000000000000
191.75000000000000
191.75000000000000
191.75000000000000
191.75000000000000
191.75000000000000
191.75000000000000
192.00000000000000
191.75000000000000
191.75000000000000
191.50000000000000
191.50000000000000
191.50000000000000
191.25000000000000
191.25000000000000
191.00000000000000
190.00000000000000
190.00000000000000
190.25000000000000
190.25000000000000
190.50000000000000
190.50000000000000
190.75000000000000
190.75000000000000
190.75000000000000
190.25000000000000
190.25000000000000
190.25000000000000
190.50000000000000
190.50000000000000
193.25000000000000
193.25000000000000
193.00000000000000
195.25000000000000
195.25000000000000
193.50000000000000
193.50000000000000
192.25000000000000
192.25000000000000
192.00000000000000
192.00000000000000
192.00000000000000
191.25000000000000
191.25000000000000
191.25000000000000
191.75000000000000
191.75000000000000
191.75000000000000
191.75000000000000
190.50000000000000
190.50000000000000
190.00000000000000
190.00000000000000
191.00000000000000
191.50000000000000
191.50000000000000
191.00000000000000
191.00000000000000
191.00000000000000
191.00000000000000
188.75000000000000
187.75000000000000
187.75000000000000
193.25000000000000
193.25000000000000
193.00000000000000
192.50000000000000
192.50000000000000
190.00000000000000
190.00000000000000
189.00000000000000
187.50000000000000
187.50000000000000
188.25000000000000
188.25000000000000
188.75000000000000
189.00000000000000
189.00000000000000
189.00000000000000
189.00000000000000
188.50000000000000
188.50000000000000
188.50000000000000
188.50000000000000
188.50000000000000
187.00000000000000
187.00000000000000
187.00000000000000
187.00000000000000
188.25000000000000
188.25000000000000
188.50000000000000
188.50000000000000
188.00000000000000
188.50000000000000
188.50000000000000
190.00000000000000
190.00000000000000
190.50000000000000
190.50000000000000
188.50000000000000
188.50000000000000
187.50000000000000
187.00000000000000
187.00000000000000
186.00000000000000
186.00000000000000
185.25000000000000
184.50000000000000
184.50000000000000
185.50000000000000
185.50000000000000
185.25000000000000
185.25000000000000
184.50000000000000
184.50000000000000
184.75000000000000
182.75000000000000
182.75000000000000
182.75000000000000
182.75000000000000
184.50000000000000
184.50000000000000
185.50000000000000
185.50000000000000
182.50000000000000
182.50000000000000
182.50000000000000
182.50000000000000
180.25000000000000
180.25000000000000
179.00000000000000
179.00000000000000
180.25000000000000
180.25000000000000
180.25000000000000
180.25000000000000
180.25000000000000
180.50000000000000
180.50000000000000
179.50000000000000
179.50000000000000
178.50000000000000
178.50000000000000
181.75000000000000
182.00000000000000
182.00000000000000
180.25000000000000
180.25000000000000
180.25000000000000
180.25000000000000
179.25000000000000
179.25000000000000
180.00000000000000
179.75000000000000
179.75000000000000
178.75000000000000
178.75000000000000
180.75000000000000
180.75000000000000
181.50000000000000
181.50000000000000
181.50000000000000
181.75000000000000
181.75000000000000
181.75000000000000
181.75000000000000
176.00000000000000
175.25000000000000
175.25000000000000
174.75000000000000
174.75000000000000
173.75000000000000
173.75000000000000
174.25000000000000
174.75000000000000
174.75000000000000
174.25000000000000
174.25000000000000
172.00000000000000
172.00000000000000
172.25000000000000
172.25000000000000
173.25000000000000
173.25000000000000
173.50000000000000
173.50000000000000
173.50000000000000
174.25000000000000
174.25000000000000
173.75000000000000
173.75000000000000
173.00000000000000
173.00000000000000
174.00000000000000
175.00000000000000
175.00000000000000
175.50000000000000
175.00000000000000
175.00000000000000
175.25000000000000
175.25000000000000
175.25000000000000
175.50000000000000
175.50000000000000
175.50000000000000
176.75000000000000
176.75000000000000
177.75000000000000
177.00000000000000
177.00000000000000
176.00000000000000
176.00000000000000
173.25000000000000
174.50000000000000
174.50000000000000
175.50000000000000
175.50000000000000
176.75000000000000
176.75000000000000
177.75000000000000
177.75000000000000
178.50000000000000
178.50000000000000
178.75000000000000
178.75000000000000
177.25000000000000
177.25000000000000
177.75000000000000
177.75000000000000
178.25000000000000
179.50000000000000
179.50000000000000
179.75000000000000
179.75000000000000
180.00000000000000
180.00000000000000
180.50000000000000
180.50000000000000
180.00000000000000
180.00000000000000
180.50000000000000
180.50000000000000
180.50000000000000
180.50000000000000
180.50000000000000
180.50000000000000
178.50000000000000
179.25000000000000
179.25000000000000
181.25000000000000
181.25000000000000
182.75000000000000
182.75000000000000
183.75000000000000
183.75000000000000
184.00000000000000
184.75000000000000
184.75000000000000
185.00000000000000
185.00000000000000
185.00000000000000
185.50000000000000
185.50000000000000
185.50000000000000
186.25000000000000
186.50000000000000
186.50000000000000
186.50000000000000
186.50000000000000
187.00000000000000
186.50000000000000
186.50000000000000
186.00000000000000
186.00000000000000
185.50000000000000
185.50000000000000
185.50000000000000
185.50000000000000
185.50000000000000
185.50000000000000
185.50000000000000
185.50000000000000
185.50000000000000
185.50000000000000
186.75000000000000
186.75000000000000
188.25000000000000
186.75000000000000
186.75000000000000
186.25000000000000
186.25000000000000
186.50000000000000
187.00000000000000
187.00000000000000
187.50000000000000
187.50000000000000
188.25000000000000
188.50000000000000
188.50000000000000
188.25000000000000
188.25000000000000
187.75000000000000
187.75000000000000
188.50000000000000
188.50000000000000
188.75000000000000
188.75000000000000
188.75000000000000
189.00000000000000
189.00000000000000
189.00000000000000
189.00000000000000
189.00000000000000
189.00000000000000
189.00000000000000
189.00000000000000
189.00000000000000
189.00000000000000
189.00000000000000
189.25000000000000
189.25000000000000
189.25000000000000
189.25000000000000
189.25000000000000
188.75000000000000
188.75000000000000
188.25000000000000
188.25000000000000
188.00000000000000
188.00000000000000
188.00000000000000
188.25000000000000
188.25000000000000
188.25000000000000
188.25000000000000
188.25000000000000
188.25000000000000
188.25000000000000
188.25000000000000
188.50000000000000
188.50000000000000
188.50000000000000
188.00000000000000
188.00000000000000
188.25000000000000
188.25000000000000
188.25000000000000
188.00000000000000
188.00000000000000
188.00000000000000
188.25000000000000
188.25000000000000
188.75000000000000
188.75000000000000
189.00000000000000
189.25000000000000
189.25000000000000
188.50000000000000
188.50000000000000
188.50000000000000
188.50000000000000
188.25000000000000
188.50000000000000
188.50000000000000
189.25000000000000
189.25000000000000
187.50000000000000
187.50000000000000
187.50000000000000
187.00000000000000
187.00000000000000
187.25000000000000
187.75000000000000
187.75000000000000
187.75000000000000
187.75000000000000
187.25000000000000
187.50000000000000
187.50000000000000
187.75000000000000
187.75000000000000
187.75000000000000
187.75000000000000
187.75000000000000
187.75000000000000
187.75000000000000
187.75000000000000
187.75000000000000
187.75000000000000
187.75000000000000
187.75000000000000
187.75000000000000
187.75000000000000
187.75000000000000
187.75000000000000
187.75000000000000
187.75000000000000
187.50000000000000
187.50000000000000
186.75000000000000
186.25000000000000
186.25000000000000
186.00000000000000
186.00000000000000
186.00000000000000
186.00000000000000
186.00000000000000
186.00000000000000
186.00000000000000
186.00000000000000
186.00000000000000
186.25000000000000
186.25000000000000
186.50000000000000
186.50000000000000
186.75000000000000
186.75000000000000
186.75000000000000
186.75000000000000
186.75000000000000
187.25000000000000
187.25000000000000
187.50000000000000
187.50000000000000
187.75000000000000
187.75000000000000
187.75000000000000
187.75000000000000
187.75000000000000
188.25000000000000
188.25000000000000
188.50000000000000
188.75000000000000
188.75000000000000
189.00000000000000
189.00000000000000
189.00000000000000
189.25000000000000
189.25000000000000
189.25000000000000
189.25000000000000
188.75000000000000
188.25000000000000
188.25000000000000
188.25000000000000
188.25000000000000
188.25000000000000
188.25000000000000
188.25000000000000
188.25000000000000
188.00000000000000
187.50000000000000
187.50000000000000
187.50000000000000
187.50000000000000
187.25000000000000
187.25000000000000
186.50000000000000
187.25000000000000
187.25000000000000
187.25000000000000
187.25000000000000
187.25000000000000
187.25000000000000
187.50000000000000
187.25000000000000
187.25000000000000
186.75000000000000
186.75000000000000
187.00000000000000
187.00000000000000
187.00000000000000
187.75000000000000
187.75000000000000
187.75000000000000
187.75000000000000
188.25000000000000
188.25000000000000
188.00000000000000
187.75000000000000
187.75000000000000
187.75000000000000
187.75000000000000
187.75000000000000
187.75000000000000
187.75000000000000
188.00000000000000
188.00000000000000
188.00000000000000
188.00000000000000
187.50000000000000
187.50000000000000
187.50000000000000
186.75000000000000
186.75000000000000
187.75000000000000
187.75000000000000
188.50000000000000
188.00000000000000
188.00000000000000
187.75000000000000
187.75000000000000
187.75000000000000
187.75000000000000
187.75000000000000
187.75000000000000
187.75000000000000
187.75000000000000
187.75000000000000
188.25000000000000
188.25000000000000
188.00000000000000
188.25000000000000
188.25000000000000
188.50000000000000
188.50000000000000
188.75000000000000
188.75000000000000
188.75000000000000
189.00000000000000
189.00000000000000
189.00000000000000
189.00000000000000
189.00000000000000
188.50000000000000
188.50000000000000
188.00000000000000
188.00000000000000
188.50000000000000
188.75000000000000
188.75000000000000
188.00000000000000
188.00000000000000
188.00000000000000
188.75000000000000
188.75000000000000
188.25000000000000
188.25000000000000
188.25000000000000
188.75000000000000
188.75000000000000
189.00000000000000
189.00000000000000
189.00000000000000
189.00000000000000
189.00000000000000
189.00000000000000
189.00000000000000
189.00000000000000
188.75000000000000
188.75000000000000
188.00000000000000
188.00000000000000
188.25000000000000
188.25000000000000
188.50000000000000
188.25000000000000
188.25000000000000
188.25000000000000
188.25000000000000
189.00000000000000
189.00000000000000
188.75000000000000
188.75000000000000
188.75000000000000
187.25000000000000
187.25000000000000
187.75000000000000
188.00000000000000
188.00000000000000
187.00000000000000
187.00000000000000
187.25000000000000
187.75000000000000
187.75000000000000
187.75000000000000
187.75000000000000
188.50000000000000
188.50000000000000
188.50000000000000
186.50000000000000
186.50000000000000
186.25000000000000
186.25000000000000
186.75000000000000
186.75000000000000
187.50000000000000
187.50000000000000
187.50000000000000
187.25000000000000
187.25000000000000
187.25000000000000
187.25000000000000
187.50000000000000
187.50000000000000
186.25000000000000
186.00000000000000
186.00000000000000
186.75000000000000
186.75000000000000
186.75000000000000
186.75000000000000
187.00000000000000
186.25000000000000
186.25000000000000
185.50000000000000
185.50000000000000
184.50000000000000
183.75000000000000
183.75000000000000
182.50000000000000
182.50000000000000
182.50000000000000
182.00000000000000
182.00000000000000
182.00000000000000
181.50000000000000
181.50000000000000
181.50000000000000
181.00000000000000
181.00000000000000
181.75000000000000
179.75000000000000
179.75000000000000
180.50000000000000
180.50000000000000
181.50000000000000
181.50000000000000
181.00000000000000
181.00000000000000
181.00000000000000
181.00000000000000
180.50000000000000
180.50000000000000
179.25000000000000
179.25000000000000
179.00000000000000
179.00000000000000
179.00000000000000
178.50000000000000
178.50000000000000
178.25000000000000
178.25000000000000
176.75000000000000
176.75000000000000
176.00000000000000
176.00000000000000
176.25000000000000
176.00000000000000
176.00000000000000
176.25000000000000
176.25000000000000
176.50000000000000
176.50000000000000
176.25000000000000
176.25000000000000
177.25000000000000
177.25000000000000
177.25000000000000
175.75000000000000
175.75000000000000
173.00000000000000
173.00000000000000
171.75000000000000
171.75000000000000
171.25000000000000
170.00000000000000
170.00000000000000
170.00000000000000
168.25000000000000
166.50000000000000
166.50000000000000
164.75000000000000
164.75000000000000
162.50000000000000
162.50000000000000
161.75000000000000
162.25000000000000
162.25000000000000
163.00000000000000
163.00000000000000
163.00000000000000
164.75000000000000
165.00000000000000
165.00000000000000
165.00000000000000
165.00000000000000
165.50000000000000
166.00000000000000
166.00000000000000
166.00000000000000
167.00000000000000
167.00000000000000
167.00000000000000
167.00000000000000
163.25000000000000
162.50000000000000
162.50000000000000
162.25000000000000
161.25000000000000
161.25000000000000
161.00000000000000
161.00000000000000
160.75000000000000
160.75000000000000
162.00000000000000
162.00000000000000
164.00000000000000
164.00000000000000
165.75000000000000
165.75000000000000
167.00000000000000
167.00000000000000
167.50000000000000
167.50000000000000
167.50000000000000
167.50000000000000
167.50000000000000
167.75000000000000
167.75000000000000
169.00000000000000
169.00000000000000
169.75000000000000
169.75000000000000
169.00000000000000
169.00000000000000
169.50000000000000
169.50000000000000
169.25000000000000
169.25000000000000
169.25000000000000
169.25000000000000
169.75000000000000
169.75000000000000
169.75000000000000
169.75000000000000
169.75000000000000
169.75000000000000
168.00000000000000
168.00000000000000
167.75000000000000
167.75000000000000
164.25000000000000
164.25000000000000
164.25000000000000
164.75000000000000
164.75000000000000
167.00000000000000
167.00000000000000
167.50000000000000
167.50000000000000
167.50000000000000
167.50000000000000
167.75000000000000
167.75000000000000
168.00000000000000
168.00000000000000
169.50000000000000
170.50000000000000
170.50000000000000
170.50000000000000
169.75000000000000
170.00000000000000
170.00000000000000
170.25000000000000
170.25000000000000
170.50000000000000
170.50000000000000
170.00000000000000
170.00000000000000
169.50000000000000
169.50000000000000
169.50000000000000
169.50000000000000
169.50000000000000
170.00000000000000
170.00000000000000
168.75000000000000
168.75000000000000
167.75000000000000
167.75000000000000
166.75000000000000
166.75000000000000
165.25000000000000
165.25000000000000
166.75000000000000
166.75000000000000
166.75000000000000
168.00000000000000
167.25000000000000
167.25000000000000
167.25000000000000
167.25000000000000
167.50000000000000
167.50000000000000
167.50000000000000
167.50000000000000
167.50000000000000
167.50000000000000
168.75000000000000
168.75000000000000
167.75000000000000
167.75000000000000
167.50000000000000
167.50000000000000
167.50000000000000
167.50000000000000
167.50000000000000
165.50000000000000
165.00000000000000
165.00000000000000
165.00000000000000
165.00000000000000
164.75000000000000
164.75000000000000
164.75000000000000
164.75000000000000
164.75000000000000
166.75000000000000
166.75000000000000
168.75000000000000
168.50000000000000
168.50000000000000
168.50000000000000
169.75000000000000
171.00000000000000
171.00000000000000
171.25000000000000
171.25000000000000
172.50000000000000
172.50000000000000
172.50000000000000
169.00000000000000
169.00000000000000
169.00000000000000
169.00000000000000
169.00000000000000
167.75000000000000
168.25000000000000
168.25000000000000
168.25000000000000
168.75000000000000
170.50000000000000
170.50000000000000
169.75000000000000
169.75000000000000
169.00000000000000
169.00000000000000
169.75000000000000
169.75000000000000
170.25000000000000
170.25000000000000
171.75000000000000
171.75000000000000
172.50000000000000
172.50000000000000
171.75000000000000
171.75000000000000
170.75000000000000
170.75000000000000
169.25000000000000
169.25000000000000
168.25000000000000
167.75000000000000
167.75000000000000
167.75000000000000
168.25000000000000
169.00000000000000
169.00000000000000
169.00000000000000
169.00000000000000
168.50000000000000
168.50000000000000
163.50000000000000
163.50000000000000
161.75000000000000
161.75000000000000
161.00000000000000
161.00000000000000
161.00000000000000
159.00000000000000
159.00000000000000
156.25000000000000
156.25000000000000
155.75000000000000
155.75000000000000
155.75000000000000
158.50000000000000
159.00000000000000
159.00000000000000
164.25000000000000
164.25000000000000
164.25000000000000
168.75000000000000
169.50000000000000
169.50000000000000
171.50000000000000
171.50000000000000
173.25000000000000
173.25000000000000
173.50000000000000
174.50000000000000
174.50000000000000
177.00000000000000
177.00000000000000
177.75000000000000
177.75000000000000
177.75000000000000
177.75000000000000
179.00000000000000
179.75000000000000
179.75000000000000
179.50000000000000
179.50000000000000
177.50000000000000
177.50000000000000
177.50000000000000
176.25000000000000
176.25000000000000
174.25000000000000
174.25000000000000
173.00000000000000
173.00000000000000
173.75000000000000
173.50000000000000
173.50000000000000
169.00000000000000
169.00000000000000
163.25000000000000
163.25000000000000
161.00000000000000
160.00000000000000
160.00000000000000
159.50000000000000
160.00000000000000
160.00000000000000
162.25000000000000
162.25000000000000
162.75000000000000
162.75000000000000
164.00000000000000
164.00000000000000
166.50000000000000
166.50000000000000
168.00000000000000
168.75000000000000
168.75000000000000
168.75000000000000
168.75000000000000
170.50000000000000
170.50000000000000
172.50000000000000
172.50000000000000
174.00000000000000
174.00000000000000
174.00000000000000
174.00000000000000
175.00000000000000
175.00000000000000
175.50000000000000
175.50000000000000
175.75000000000000
175.75000000000000
175.75000000000000
176.50000000000000
176.50000000000000
176.50000000000000
176.50000000000000
175.75000000000000
175.75000000000000
175.25000000000000
175.25000000000000
175.75000000000000
175.75000000000000
177.00000000000000
177.50000000000000
177.50000000000000
177.75000000000000
177.75000000000000
178.00000000000000
178.00000000000000
178.00000000000000
178.00000000000000
178.25000000000000
178.50000000000000
178.50000000000000
180.25000000000000
180.25000000000000
181.50000000000000
181.50000000000000
180.50000000000000
178.75000000000000
178.75000000000000
178.00000000000000
178.00000000000000
178.25000000000000
178.25000000000000
178.25000000000000
178.25000000000000
178.25000000000000
178.25000000000000
178.25000000000000
178.50000000000000
178.25000000000000
178.25000000000000
178.00000000000000
178.00000000000000
179.75000000000000
179.75000000000000
181.25000000000000
181.25000000000000
179.75000000000000
179.75000000000000
178.50000000000000
178.50000000000000
175.75000000000000
175.75000000000000
174.75000000000000
174.75000000000000
176.00000000000000
176.00000000000000
176.25000000000000
176.25000000000000
177.00000000000000
177.00000000000000
176.75000000000000
176.75000000000000
177.25000000000000
177.25000000000000
178.00000000000000
178.00000000000000
177.50000000000000
177.50000000000000
176.00000000000000
173.75000000000000
173.75000000000000
172.50000000000000
172.50000000000000
172.00000000000000
172.00000000000000
173.00000000000000
173.00000000000000
174.00000000000000
174.00000000000000
174.50000000000000
174.50000000000000
174.75000000000000
174.75000000000000
174.50000000000000
174.50000000000000
176.00000000000000
176.00000000000000
177.75000000000000
179.00000000000000
179.00000000000000
180.00000000000000
180.00000000000000
181.25000000000000
181.25000000000000
181.50000000000000
181.50000000000000
181.50000000000000
181.00000000000000
181.00000000000000
179.00000000000000
179.00000000000000
176.00000000000000
176.00000000000000
175.50000000000000
175.50000000000000
172.50000000000000
172.50000000000000
171.75000000000000
171.75000000000000
171.75000000000000
171.75000000000000
171.75000000000000
171.75000000000000
171.75000000000000
172.50000000000000
172.50000000000000
172.50000000000000
172.50000000000000
175.50000000000000
175.50000000000000
178.25000000000000
178.25000000000000
178.75000000000000
178.75000000000000
177.25000000000000
177.25000000000000
177.50000000000000
178.75000000000000
178.75000000000000
179.75000000000000
179.75000000000000
178.00000000000000
178.00000000000000
177.25000000000000
177.25000000000000
176.00000000000000
176.00000000000000
174.50000000000000
174.50000000000000
174.25000000000000
174.25000000000000
172.50000000000000
172.50000000000000
170.75000000000000
170.75000000000000
174.00000000000000
174.00000000000000
173.00000000000000
173.00000000000000
170.25000000000000
170.25000000000000
170.50000000000000
170.50000000000000
170.75000000000000
171.25000000000000
171.25000000000000
172.00000000000000
172.00000000000000
171.25000000000000
171.25000000000000
171.00000000000000
172.00000000000000
172.00000000000000
172.75000000000000
172.75000000000000
172.50000000000000
172.50000000000000
171.50000000000000
171.50000000000000
171.25000000000000
171.25000000000000
170.75000000000000
170.75000000000000
173.50000000000000
173.50000000000000
175.00000000000000
174.75000000000000
174.75000000000000
173.50000000000000
173.50000000000000
175.75000000000000
175.75000000000000
175.00000000000000
175.00000000000000
176.25000000000000
176.25000000000000
174.75000000000000
174.75000000000000
174.75000000000000
175.00000000000000
175.00000000000000
174.00000000000000
173.75000000000000
173.75000000000000
174.00000000000000
174.00000000000000
175.50000000000000
175.50000000000000
176.00000000000000
176.00000000000000
176.00000000000000
176.00000000000000
174.00000000000000
174.00000000000000
173.50000000000000
173.50000000000000
175.50000000000000
175.50000000000000
176.50000000000000
176.50000000000000
177.50000000000000
177.50000000000000
177.25000000000000
176.25000000000000
176.25000000000000
176.00000000000000
176.00000000000000
175.25000000000000
175.25000000000000
175.00000000000000
175.00000000000000
174.25000000000000
174.25000000000000
173.50000000000000
173.50000000000000
174.75000000000000
174.75000000000000
175.50000000000000
176.00000000000000
176.00000000000000
176.25000000000000
176.25000000000000
176.50000000000000
176.50000000000000
176.50000000000000
176.50000000000000
177.25000000000000
177.25000000000000
177.25000000000000
177.25000000000000
177.25000000000000
177.25000000000000
177.50000000000000
177.50000000000000
177.75000000000000
177.75000000000000
177.50000000000000
177.50000000000000
177.75000000000000
177.75000000000000
178.75000000000000
178.75000000000000
179.50000000000000
180.25000000000000
180.25000000000000
177.50000000000000
177.50000000000000
175.25000000000000
175.25000000000000
170.75000000000000
170.75000000000000
170.00000000000000
170.00000000000000
172.25000000000000
172.25000000000000
172.75000000000000
173.00000000000000
173.00000000000000
173.00000000000000
173.00000000000000
166.25000000000000
166.25000000000000
164.25000000000000
164.25000000000000
165.25000000000000
165.25000000000000
166.50000000000000
166.50000000000000
164.00000000000000
164.00000000000000
169.25000000000000
169.25000000000000
173.00000000000000
173.00000000000000
174.75000000000000
174.75000000000000
176.75000000000000
176.75000000000000
183.25000000000000
184.00000000000000
184.00000000000000
183.75000000000000
183.75000000000000
182.75000000000000
182.75000000000000
181.75000000000000
181.75000000000000
181.50000000000000
181.00000000000000
181.00000000000000
181.00000000000000
181.00000000000000
181.50000000000000
182.25000000000000
182.25000000000000
182.75000000000000
182.75000000000000
183.00000000000000
183.00000000000000
186.00000000000000
186.00000000000000
187.25000000000000
187.25000000000000
186.25000000000000
186.25000000000000
185.50000000000000
185.25000000000000
185.25000000000000
186.75000000000000
186.75000000000000
186.50000000000000
186.50000000000000
186.50000000000000
186.75000000000000
186.75000000000000
186.25000000000000
186.25000000000000
184.25000000000000
184.25000000000000
185.50000000000000
185.50000000000000
185.50000000000000
185.50000000000000
186.75000000000000
186.75000000000000
185.75000000000000
185.75000000000000
184.25000000000000
184.25000000000000
184.75000000000000
184.75000000000000
184.75000000000000
184.75000000000000
184.75000000000000
184.25000000000000
184.25000000000000
184.75000000000000
185.50000000000000
185.50000000000000
185.75000000000000
185.75000000000000
185.00000000000000
185.00000000000000
185.00000000000000
184.75000000000000
184.75000000000000
185.50000000000000
185.50000000000000
185.75000000000000
185.75000000000000
185.75000000000000
185.75000000000000
185.50000000000000
186.25000000000000
186.25000000000000
187.00000000000000
187.00000000000000
188.50000000000000
187.75000000000000
187.75000000000000
185.50000000000000
185.50000000000000
184.50000000000000
184.50000000000000
186.50000000000000
184.50000000000000
184.50000000000000
184.50000000000000
184.50000000000000
183.75000000000000
183.75000000000000
184.00000000000000
184.25000000000000
184.25000000000000
183.50000000000000
183.50000000000000
182.50000000000000
182.50000000000000
181.25000000000000
180.75000000000000
180.75000000000000
180.75000000000000
180.75000000000000
181.00000000000000
181.00000000000000
179.50000000000000
179.50000000000000
179.25000000000000
179.25000000000000
177.75000000000000
177.75000000000000
177.50000000000000
177.00000000000000
177.00000000000000
178.00000000000000
178.00000000000000
177.75000000000000
177.75000000000000
177.75000000000000
177.75000000000000
178.75000000000000
179.50000000000000
179.50000000000000
179.50000000000000
179.75000000000000
180.75000000000000
180.75000000000000
181.00000000000000
181.00000000000000
181.75000000000000
183.00000000000000
183.00000000000000
183.50000000000000
183.50000000000000
184.75000000000000
184.75000000000000
185.50000000000000
185.50000000000000
187.50000000000000
187.50000000000000
186.75000000000000
184.75000000000000
184.75000000000000
184.75000000000000
184.75000000000000
185.50000000000000
185.50000000000000
185.75000000000000
185.75000000000000
185.75000000000000
185.75000000000000
185.75000000000000
186.50000000000000
186.50000000000000
186.25000000000000
186.25000000000000
186.50000000000000
186.50000000000000
185.75000000000000
184.25000000000000
184.25000000000000
184.50000000000000
184.50000000000000
185.50000000000000
185.50000000000000
185.25000000000000
185.25000000000000
187.50000000000000
187.75000000000000
187.75000000000000
186.50000000000000
186.50000000000000
184.75000000000000
184.75000000000000
185.00000000000000
185.00000000000000
185.25000000000000
184.75000000000000
184.75000000000000
185.00000000000000
185.00000000000000
184.75000000000000
184.75000000000000
185.50000000000000
184.50000000000000
184.50000000000000
184.00000000000000
184.00000000000000
184.25000000000000
184.25000000000000
184.50000000000000
184.75000000000000
184.75000000000000
184.75000000000000
184.75000000000000
185.50000000000000
185.50000000000000
186.75000000000000
186.50000000000000
186.50000000000000
187.25000000000000
187.25000000000000
186.50000000000000
186.50000000000000
185.50000000000000
185.50000000000000
185.75000000000000
185.75000000000000
185.75000000000000
185.50000000000000
185.50000000000000
185.25000000000000
185.25000000000000
185.25000000000000
185.25000000000000
185.25000000000000
185.50000000000000
185.50000000000000
184.25000000000000
184.25000000000000
184.75000000000000
185.25000000000000
185.25000000000000
185.50000000000000
185.50000000000000
184.75000000000000
184.75000000000000
184.75000000000000
184.75000000000000
184.50000000000000
184.50000000000000
185.25000000000000
185.25000000000000
185.50000000000000
185.50000000000000
184.75000000000000
184.75000000000000
185.00000000000000
186.75000000000000
186.75000000000000
185.75000000000000
185.75000000000000
185.50000000000000
185.50000000000000
186.75000000000000
186.75000000000000
186.25000000000000
186.25000000000000
187.25000000000000
187.50000000000000
187.50000000000000
187.25000000000000
187.25000000000000
187.50000000000000
187.50000000000000
188.75000000000000
188.75000000000000
188.00000000000000
187.75000000000000
187.75000000000000
187.00000000000000
187.00000000000000
187.75000000000000
187.25000000000000
187.25000000000000
188.00000000000000
188.00000000000000
188.50000000000000
188.50000000000000
188.50000000000000
188.75000000000000
188.75000000000000
188.25000000000000
188.25000000000000
186.75000000000000
186.75000000000000
187.50000000000000
187.50000000000000
189.50000000000000
190.50000000000000
190.50000000000000
190.00000000000000
190.00000000000000
189.00000000000000
190.00000000000000
190.00000000000000
189.25000000000000
189.25000000000000
188.25000000000000
188.25000000000000
187.50000000000000
187.50000000000000
187.50000000000000
187.50000000000000
187.50000000000000
187.00000000000000
187.00000000000000
187.00000000000000
187.00000000000000
188.50000000000000
187.50000000000000
187.50000000000000
186.00000000000000
186.00000000000000
185.50000000000000
185.50000000000000
185.00000000000000
185.00000000000000
183.25000000000000
183.50000000000000
183.50000000000000
183.50000000000000
183.50000000000000
183.25000000000000
183.25000000000000
182.50000000000000
182.50000000000000
182.75000000000000
182.75000000000000
183.25000000000000
183.25000000000000
182.50000000000000
182.50000000000000
182.50000000000000
182.50000000000000
182.50000000000000
182.25000000000000
182.25000000000000
181.50000000000000
181.50000000000000
181.25000000000000
181.25000000000000
182.25000000000000
182.25000000000000
182.25000000000000
182.00000000000000
182.00000000000000
181.25000000000000
181.25000000000000
181.50000000000000
181.50000000000000
181.25000000000000
181.25000000000000
181.50000000000000
181.50000000000000
181.25000000000000
181.25000000000000
181.25000000000000
181.25000000000000
181.50000000000000
181.50000000000000
181.50000000000000
181.50000000000000
181.50000000000000
181.50000000000000
181.50000000000000
179.50000000000000
179.50000000000000
179.50000000000000
179.50000000000000
178.25000000000000
178.25000000000000
178.25000000000000
178.25000000000000
179.50000000000000
179.50000000000000
180.25000000000000
180.50000000000000
180.50000000000000
180.50000000000000
180.25000000000000
180.25000000000000
180.25000000000000
180.25000000000000
180.25000000000000
179.00000000000000
179.00000000000000
179.00000000000000
179.00000000000000
179.25000000000000
179.25000000000000
179.50000000000000
179.75000000000000
179.75000000000000
180.00000000000000
180.00000000000000
181.00000000000000
181.00000000000000
181.25000000000000
181.25000000000000
181.75000000000000
181.50000000000000
181.50000000000000
182.75000000000000
182.75000000000000
183.25000000000000
183.25000000000000
182.25000000000000
182.25000000000000
181.50000000000000
181.75000000000000
181.75000000000000
181.75000000000000
181.75000000000000
181.50000000000000
181.50000000000000
181.25000000000000
181.25000000000000
181.75000000000000
181.75000000000000
182.00000000000000
182.50000000000000
182.50000000000000
183.25000000000000
183.25000000000000
184.00000000000000
184.00000000000000
184.25000000000000
184.25000000000000
184.50000000000000
184.50000000000000
185.25000000000000
185.25000000000000
186.25000000000000
185.75000000000000
185.75000000000000
185.75000000000000
185.75000000000000
186.25000000000000
186.75000000000000
186.75000000000000
186.00000000000000
186.00000000000000
186.50000000000000
186.50000000000000
186.50000000000000
186.25000000000000
186.25000000000000
186.25000000000000
186.25000000000000
186.25000000000000
186.00000000000000
186.00000000000000
186.25000000000000
186.25000000000000
185.75000000000000
185.75000000000000
185.75000000000000
185.75000000000000
185.25000000000000
185.25000000000000
185.25000000000000
185.50000000000000
185.50000000000000
186.50000000000000
186.50000000000000
185.75000000000000
185.00000000000000
185.00000000000000
185.00000000000000
185.00000000000000
184.25000000000000
184.25000000000000
184.25000000000000
185.50000000000000
185.50000000000000
186.50000000000000
186.50000000000000
186.00000000000000
186.00000000000000
185.50000000000000
185.50000000000000
185.75000000000000
185.75000000000000
185.75000000000000
185.75000000000000
186.50000000000000
185.50000000000000
185.50000000000000
184.75000000000000
184.75000000000000
184.25000000000000
184.25000000000000
183.00000000000000
183.00000000000000
183.25000000000000
183.25000000000000
183.50000000000000
184.25000000000000
184.25000000000000
184.00000000000000
184.00000000000000
184.25000000000000
184.25000000000000
186.25000000000000
186.25000000000000
187.00000000000000
187.00000000000000
188.00000000000000
188.25000000000000
188.25000000000000
189.75000000000000
189.75000000000000
190.25000000000000
190.25000000000000
190.50000000000000
190.50000000000000
190.50000000000000
190.50000000000000
190.50000000000000
190.50000000000000
190.50000000000000
190.50000000000000
190.06250000000000
189.62500000000000
189.18750000000000
188.75000000000000
188.75000000000000
189.00000000000000
188.75000000000000
188.75000000000000
188.25000000000000
188.25000000000000
187.75000000000000
187.75000000000000
187.75000000000000
186.75000000000000
186.75000000000000
187.00000000000000
187.00000000000000
187.25000000000000
187.00000000000000
187.00000000000000
187.25000000000000
187.25000000000000
187.25000000000000
187.25000000000000
187.25000000000000
187.25000000000000
187.25000000000000
187.50000000000000
187.50000000000000
187.00000000000000
187.25000000000000
187.25000000000000
187.25000000000000
187.25000000000000
187.75000000000000
187.75000000000000
187.75000000000000
188.25000000000000
188.25000000000000
189.00000000000000
189.00000000000000
188.50000000000000
188.50000000000000
188.00000000000000
188.25000000000000
188.25000000000000
188.50000000000000
188.50000000000000
189.25000000000000
188.75000000000000
188.75000000000000
188.75000000000000
188.75000000000000
188.75000000000000
188.75000000000000
189.00000000000000
189.00000000000000
189.00000000000000
188.50000000000000
188.50000000000000
188.50000000000000
188.75000000000000
188.75000000000000
188.75000000000000
188.75000000000000
188.25000000000000
188.25000000000000
188.25000000000000
188.50000000000000
188.50000000000000
189.00000000000000
190.25000000000000
190.25000000000000
190.25000000000000
190.25000000000000
189.75000000000000
189.75000000000000
188.75000000000000
188.75000000000000
188.00000000000000
189.00000000000000
189.00000000000000
188.75000000000000
188.75000000000000
187.25000000000000
186.50000000000000
186.50000000000000
186.75000000000000
186.75000000000000
186.25000000000000
186.25000000000000
186.25000000000000
186.25000000000000
187.00000000000000
187.50000000000000
187.50000000000000
187.50000000000000
187.50000000000000
188.00000000000000
188.25000000000000
188.25000000000000
188.50000000000000
188.50000000000000
187.50000000000000
188.25000000000000
188.25000000000000
188.25000000000000
188.25000000000000
188.25000000000000
188.25000000000000
187.50000000000000
187.50000000000000
187.25000000000000
188.25000000000000
188.25000000000000
188.75000000000000
188.75000000000000
188.25000000000000
187.00000000000000
187.00000000000000
187.25000000000000
187.25000000000000
187.50000000000000
187.50000000000000
187.50000000000000
187.50000000000000
187.50000000000000
186.25000000000000
186.25000000000000
185.50000000000000
185.50000000000000
184.75000000000000
184.75000000000000
185.50000000000000
185.50000000000000
185.50000000000000
185.00000000000000
185.00000000000000
185.25000000000000
185.25000000000000
185.50000000000000
185.50000000000000
185.50000000000000
185.50000000000000
186.25000000000000
186.25000000000000
186.25000000000000
185.75000000000000
185.75000000000000
185.25000000000000
185.25000000000000
185.25000000000000
185.25000000000000
184.00000000000000
184.00000000000000
184.00000000000000
185.00000000000000
185.00000000000000
185.25000000000000
185.25000000000000
185.75000000000000
186.50000000000000
186.50000000000000
187.25000000000000
187.25000000000000
188.00000000000000
188.00000000000000
187.75000000000000
187.50000000000000
187.50000000000000
186.75000000000000
186.75000000000000
186.00000000000000
186.00000000000000
187.75000000000000
187.75000000000000
188.75000000000000
188.75000000000000
189.00000000000000
189.00000000000000
189.00000000000000
189.00000000000000
189.00000000000000
189.00000000000000
189.00000000000000
189.00000000000000
187.00000000000000
187.00000000000000
188.25000000000000
188.25000000000000
189.50000000000000
188.75000000000000
188.75000000000000
187.75000000000000
187.75000000000000
187.75000000000000
187.75000000000000
187.75000000000000
187.75000000000000
187.75000000000000
188.00000000000000
188.00000000000000
187.25000000000000
187.50000000000000
187.50000000000000
188.25000000000000
188.25000000000000
189.00000000000000
189.00000000000000
188.75000000000000
188.75000000000000
188.75000000000000
188.75000000000000
188.75000000000000
188.75000000000000
188.75000000000000
188.75000000000000
188.75000000000000
188.25000000000000
187.75000000000000
187.75000000000000
187.25000000000000
187.25000000000000
187.50000000000000
187.25000000000000
187.25000000000000
187.75000000000000
187.75000000000000
187.75000000000000
187.75000000000000
187.25000000000000
186.50000000000000
186.50000000000000
186.50000000000000
186.50000000000000
187.00000000000000
187.00000000000000
187.50000000000000
188.25000000000000
188.25000000000000
188.00000000000000
188.00000000000000
187.75000000000000
187.75000000000000
188.25000000000000
188.25000000000000
188.25000000000000
188.00000000000000
188.00000000000000
188.00000000000000
188.00000000000000
188.00000000000000
188.00000000000000
189.00000000000000
189.25000000000000
189.25000000000000
188.75000000000000
188.75000000000000
187.75000000000000
187.75000000000000
187.25000000000000
187.25000000000000
187.50000000000000
187.50000000000000
187.50000000000000
187.50000000000000
187.50000000000000
187.50000000000000
187.50000000000000
187.00000000000000
187.00000000000000
187.00000000000000
187.00000000000000
187.00000000000000
186.25000000000000
186.25000000000000
185.75000000000000
185.75000000000000
185.25000000000000
185.25000000000000
184.75000000000000
184.75000000000000
184.50000000000000
184.50000000000000
184.00000000000000
184.00000000000000
184.00000000000000
183.50000000000000
183.50000000000000
183.50000000000000
183.50000000000000
183.75000000000000
183.75000000000000
184.00000000000000
184.00000000000000
184.25000000000000
184.25000000000000
184.25000000000000
181.25000000000000
181.00000000000000
181.00000000000000
180.75000000000000
180.75000000000000
180.75000000000000
180.75000000000000
180.75000000000000
180.75000000000000
180.75000000000000
180.75000000000000
180.75000000000000
180.75000000000000
180.75000000000000
180.25000000000000
180.25000000000000
180.25000000000000
180.25000000000000
180.00000000000000
180.00000000000000
180.00000000000000
179.75000000000000
179.75000000000000
179.00000000000000
179.00000000000000
178.50000000000000
178.50000000000000
178.25000000000000
178.25000000000000
179.50000000000000
178.50000000000000
178.50000000000000
178.50000000000000
178.50000000000000
178.50000000000000
178.50000000000000
178.75000000000000
178.75000000000000
178.75000000000000
178.75000000000000
178.75000000000000
179.00000000000000
179.00000000000000
179.50000000000000
179.50000000000000
180.75000000000000
180.75000000000000
181.00000000000000
181.00000000000000
181.50000000000000
181.50000000000000
181.00000000000000
181.25000000000000
181.25000000000000
182.00000000000000
182.00000000000000
182.00000000000000
182.00000000000000
181.50000000000000
181.50000000000000
181.50000000000000
181.50000000000000
181.75000000000000
181.75000000000000
181.50000000000000
182.25000000000000
182.25000000000000
182.25000000000000
182.25000000000000
181.75000000000000
182.25000000000000
182.25000000000000
182.25000000000000
182.25000000000000
181.75000000000000
181.75000000000000
182.50000000000000
182.50000000000000
181.50000000000000
181.50000000000000
181.00000000000000
181.00000000000000
180.50000000000000
180.50000000000000
180.75000000000000
180.75000000000000
181.50000000000000
181.50000000000000
183.00000000000000
183.50000000000000
183.50000000000000
183.50000000000000
183.50000000000000
182.75000000000000
182.75000000000000
183.50000000000000
183.50000000000000
183.75000000000000
183.75000000000000
183.75000000000000
183.75000000000000
183.75000000000000
183.00000000000000
183.00000000000000
183.75000000000000
184.25000000000000
184.25000000000000
184.00000000000000
184.00000000000000
184.25000000000000
184.25000000000000
184.00000000000000
185.25000000000000
185.25000000000000
186.00000000000000
186.00000000000000
185.75000000000000
185.75000000000000
185.75000000000000
186.75000000000000
186.75000000000000
187.00000000000000
187.00000000000000
187.00000000000000
187.25000000000000
187.25000000000000
187.00000000000000
187.00000000000000
187.25000000000000
187.50000000000000
187.50000000000000
187.50000000000000
187.50000000000000
188.25000000000000
188.50000000000000
188.50000000000000
189.25000000000000
189.25000000000000
188.25000000000000
188.25000000000000
188.50000000000000
188.50000000000000
188.75000000000000
188.75000000000000
188.75000000000000
189.25000000000000
189.25000000000000
189.50000000000000
189.50000000000000
189.00000000000000
189.00000000000000
189.00000000000000
189.00000000000000
189.25000000000000
189.50000000000000
189.50000000000000
189.50000000000000
189.50000000000000
190.50000000000000
190.50000000000000
190.50000000000000
190.50000000000000
190.50000000000000
190.50000000000000
190.50000000000000
190.50000000000000
190.50000000000000
189.25000000000000
189.25000000000000
189.25000000000000
189.25000000000000
189.25000000000000
189.25000000000000
189.25000000000000
189.50000000000000
189.50000000000000
189.75000000000000
188.50000000000000
188.50000000000000
188.75000000000000
188.75000000000000
189.00000000000000
189.00000000000000
188.25000000000000
188.25000000000000
188.00000000000000
188.00000000000000
188.50000000000000
188.50000000000000
189.75000000000000
189.75000000000000
189.50000000000000
189.50000000000000
190.00000000000000
191.50000000000000
191.50000000000000
192.00000000000000
192.00000000000000
191.25000000000000
191.00000000000000
191.00000000000000
191.50000000000000
191.50000000000000
192.00000000000000
193.00000000000000
193.00000000000000
193.25000000000000
193.25000000000000
192.75000000000000
192.50000000000000
192.50000000000000
193.00000000000000
193.00000000000000
193.25000000000000
193.75000000000000
193.75000000000000
194.00000000000000
194.00000000000000
194.25000000000000
194.25000000000000
194.25000000000000
193.25000000000000
193.25000000000000
193.00000000000000
193.00000000000000
194.75000000000000
194.75000000000000
194.75000000000000
193.25000000000000
193.25000000000000
192.75000000000000
192.75000000000000
193.25000000000000
193.25000000000000
193.25000000000000
193.50000000000000
193.50000000000000
194.75000000000000
194.75000000000000
194.75000000000000
194.50000000000000
194.50000000000000
194.75000000000000
194.75000000000000
193.25000000000000
193.25000000000000
193.50000000000000
194.50000000000000
194.50000000000000
195.00000000000000
195.00000000000000
195.25000000000000
195.75000000000000
195.75000000000000
196.25000000000000
196.25000000000000
196.25000000000000
196.00000000000000
196.00000000000000
196.00000000000000
196.00000000000000
196.00000000000000
196.25000000000000
196.25000000000000
196.25000000000000
196.25000000000000
195.75000000000000
195.75000000000000
195.75000000000000
196.50000000000000
196.50000000000000
194.75000000000000
194.75000000000000
190.25000000000000
188.25000000000000
188.25000000000000
187.50000000000000
187.50000000000000
187.25000000000000
187.25000000000000
187.25000000000000
187.25000000000000
187.25000000000000
187.60416666666666
187.95833333333334
188.31250000000000
188.66666666666666
189.02083333333334
189.37500000000000
189.72916666666666
190.08333333333334
190.43750000000000
190.79166666666666
191.14583333333334
191.50000000000000
193.25000000000000
193.25000000000000
193.50000000000000
193.50000000000000
193.50000000000000
194.00000000000000
194.00000000000000
194.25000000000000
194.25000000000000
194.25000000000000
193.75000000000000
193.75000000000000
193.25000000000000
193.25000000000000
192.25000000000000
192.25000000000000
192.25000000000000
192.25000000000000
191.00000000000000
191.00000000000000
191.00000000000000
190.75000000000000
190.75000000000000
189.75000000000000
189.75000000000000
189.75000000000000
190.25000000000000
190.25000000000000
189.25000000000000
189.25000000000000
189.25000000000000
189.50000000000000
189.50000000000000
189.50000000000000
189.50000000000000
189.50000000000000
189.50000000000000
189.75000000000000
189.75000000000000
189.75000000000000
190.00000000000000
190.00000000000000
190.25000000000000
190.25000000000000
190.25000000000000
190.50000000000000
190.50000000000000
191.25000000000000
191.25000000000000
191.25000000000000
191.75000000000000
191.75000000000000
191.75000000000000
191.75000000000000
191.75000000000000
193.25000000000000
193.25000000000000
193.25000000000000
193.50000000000000
194.50000000000000
194.50000000000000
195.25000000000000
195.25000000000000
194.75000000000000
194.75000000000000
193.75000000000000
194.25000000000000
194.25000000000000
195.25000000000000
195.25000000000000
195.75000000000000
195.25000000000000
195.25000000000000
195.00000000000000
195.00000000000000
196.25000000000000
196.50000000000000
196.50000000000000
196.75000000000000
195.50000000000000
195.50000000000000
195.50000000000000
195.50000000000000
195.75000000000000
195.75000000000000
195.25000000000000
195.25000000000000
195.25000000000000
194.75000000000000
194.75000000000000
195.50000000000000
195.50000000000000
195.50000000000000
195.00000000000000
195.00000000000000
194.75000000000000
194.75000000000000
194.50000000000000
194.75000000000000
194.75000000000000
194.75000000000000
194.75000000000000
194.25000000000000
194.50000000000000
194.50000000000000
194.50000000000000
194.50000000000000
194.75000000000000
194.75000000000000
194.25000000000000
194.25000000000000
193.50000000000000
194.25000000000000
194.25000000000000
195.50000000000000
195.50000000000000
195.25000000000000
194.75000000000000
194.75000000000000
194.25000000000000
194.25000000000000
194.25000000000000
194.25000000000000
194.25000000000000
194.00000000000000
194.00000000000000
193.25000000000000
193.25000000000000
192.75000000000000
193.25000000000000
193.25000000000000
193.25000000000000
193.25000000000000
193.50000000000000
193.50000000000000
193.50000000000000
193.50000000000000
193.00000000000000
191.75000000000000
191.75000000000000
191.75000000000000
191.25000000000000
191.25000000000000
192.75000000000000
192.75000000000000
193.25000000000000
193.25000000000000
194.25000000000000
194.50000000000000
194.50000000000000
194.00000000000000
194.00000000000000
194.00000000000000
194.00000000000000
194.25000000000000
194.25000000000000
195.25000000000000
194.50000000000000
194.50000000000000
194.00000000000000
194.00000000000000
193.75000000000000
194.25000000000000
194.25000000000000
194.00000000000000
194.00000000000000
192.75000000000000
192.75000000000000
191.75000000000000
189.75000000000000
189.75000000000000
189.50000000000000
189.50000000000000
189.50000000000000
189.50000000000000
189.00000000000000
187.50000000000000
187.50000000000000
187.25000000000000
187.25000000000000
186.50000000000000
186.50000000000000
186.25000000000000
185.50000000000000
185.50000000000000
185.50000000000000
185.50000000000000
185.50000000000000
185.50000000000000
185.50000000000000
185.50000000000000
185.25000000000000
185.25000000000000
185.50000000000000
185.50000000000000
185.25000000000000
185.50000000000000
185.50000000000000
185.50000000000000
185.50000000000000
185.50000000000000
185.50000000000000
185.50000000000000
185.50000000000000
185.25000000000000
185.25000000000000
185.25000000000000
184.75000000000000
184.75000000000000
186.25000000000000
186.25000000000000
186.25000000000000
186.25000000000000
185.75000000000000
185.75000000000000
185.00000000000000
185.00000000000000
185.25000000000000
185.25000000000000
185.25000000000000
185.25000000000000
185.50000000000000
185.50000000000000
185.75000000000000
185.75000000000000
185.50000000000000
185.25000000000000
185.25000000000000
184.25000000000000
184.25000000000000
183.50000000000000
183.50000000000000
184.00000000000000
184.00000000000000
184.75000000000000
184.75000000000000
184.50000000000000
183.75000000000000
183.75000000000000
183.75000000000000
183.75000000000000
183.75000000000000
183.75000000000000
183.75000000000000
183.75000000000000
183.75000000000000
183.75000000000000
183.75000000000000
183.75000000000000
183.75000000000000
183.75000000000000
182.50000000000000
182.50000000000000
182.00000000000000
182.00000000000000
183.25000000000000
183.25000000000000
183.50000000000000
183.50000000000000
183.75000000000000
183.75000000000000
183.75000000000000
183.50000000000000
183.50000000000000
183.00000000000000
183.00000000000000
183.00000000000000
183.00000000000000
183.75000000000000
183.75000000000000
183.75000000000000
183.75000000000000
183.75000000000000
183.75000000000000
183.25000000000000
183.25000000000000
183.25000000000000
183.25000000000000
183.25000000000000
183.00000000000000
183.00000000000000
182.00000000000000
182.00000000000000
181.50000000000000
181.50000000000000
181.75000000000000
181.75000000000000
182.00000000000000
182.00000000000000
182.00000000000000
182.00000000000000
182.00000000000000
181.50000000000000
181.50000000000000
181.75000000000000
181.75000000000000
182.75000000000000
182.75000000000000
183.00000000000000
183.00000000000000
183.00000000000000
182.50000000000000
182.50000000000000
182.50000000000000
182.50000000000000
183.25000000000000
183.25000000000000
183.25000000000000
182.50000000000000
182.50000000000000
182.00000000000000
182.00000000000000
181.50000000000000
181.50000000000000
181.75000000000000
181.75000000000000
182.50000000000000
182.75000000000000
182.75000000000000
182.75000000000000
182.25000000000000
181.50000000000000
181.50000000000000
180.75000000000000
180.75000000000000
182.25000000000000
182.25000000000000
183.00000000000000
183.00000000000000
183.75000000000000
183.50000000000000
183.50000000000000
183.75000000000000
183.75000000000000
183.75000000000000
183.75000000000000
183.50000000000000
183.50000000000000
184.25000000000000
184.25000000000000
184.25000000000000
184.25000000000000
183.50000000000000
183.50000000000000
183.75000000000000
183.75000000000000
183.25000000000000
183.25000000000000
183.75000000000000
183.50000000000000
183.50000000000000
184.25000000000000
184.25000000000000
185.25000000000000
185.25000000000000
185.75000000000000
185.75000000000000
186.00000000000000
186.00000000000000
186.25000000000000
186.25000000000000
186.75000000000000
187.25000000000000
187.25000000000000
186.25000000000000
186.25000000000000
186.00000000000000
186.00000000000000
186.25000000000000
187.25000000000000
187.25000000000000
186.50000000000000
186.50000000000000
186.75000000000000
186.75000000000000
187.50000000000000
187.50000000000000
187.25000000000000
187.25000000000000
187.00000000000000
187.00000000000000
187.25000000000000
187.25000000000000
187.00000000000000
187.00000000000000
187.00000000000000
187.00000000000000
187.00000000000000
187.25000000000000
187.25000000000000
187.00000000000000
187.00000000000000
187.00000000000000
186.25000000000000
186.25000000000000
186.00000000000000
186.00000000000000
186.00000000000000
186.00000000000000
183.25000000000000
183.25000000000000
182.50000000000000
183.25000000000000
183.25000000000000
184.00000000000000
184.00000000000000
183.75000000000000
183.50000000000000
183.50000000000000
184.25000000000000
184.25000000000000
183.75000000000000
183.75000000000000
184.00000000000000
184.00000000000000
184.75000000000000
184.75000000000000
185.00000000000000
185.25000000000000
185.25000000000000
185.25000000000000
185.25000000000000
184.50000000000000
184.50000000000000
184.75000000000000
184.75000000000000
185.50000000000000
184.75000000000000
184.75000000000000
184.25000000000000
184.25000000000000
186.25000000000000
186.25000000000000
185.50000000000000
184.75000000000000
184.75000000000000
185.50000000000000
185.50000000000000
186.75000000000000
186.75000000000000
187.25000000000000
187.25000000000000
187.00000000000000
186.50000000000000
186.50000000000000
186.25000000000000
186.25000000000000
187.00000000000000
187.00000000000000
186.75000000000000
186.50000000000000
186.50000000000000
186.75000000000000
186.75000000000000
186.25000000000000
186.25000000000000
186.25000000000000
185.00000000000000
185.00000000000000
185.25000000000000
185.25000000000000
185.25000000000000
185.25000000000000
183.50000000000000
183.50000000000000
184.25000000000000
184.25000000000000
183.75000000000000
183.75000000000000
183.75000000000000
183.75000000000000
184.00000000000000
184.00000000000000
185.25000000000000
185.25000000000000
185.25000000000000
185.50000000000000
185.50000000000000
184.50000000000000
184.50000000000000
185.25000000000000
185.25000000000000
185.50000000000000
185.50000000000000
186.25000000000000
185.50000000000000
185.50000000000000
185.50000000000000
185.50000000000000
185.00000000000000
185.00000000000000
185.25000000000000
185.75000000000000
185.75000000000000
185.00000000000000
185.00000000000000
184.75000000000000
184.75000000000000
185.75000000000000
185.75000000000000
185.75000000000000
185.00000000000000
185.00000000000000
184.75000000000000
184.75000000000000
184.75000000000000
184.75000000000000
186.75000000000000
186.75000000000000
187.00000000000000
187.00000000000000
187.00000000000000
186.00000000000000
186.00000000000000
184.75000000000000
184.75000000000000
186.00000000000000
186.75000000000000
186.75000000000000
187.25000000000000
187.25000000000000
187.75000000000000
186.50000000000000
186.50000000000000
186.75000000000000
186.75000000000000
186.75000000000000
185.75000000000000
185.75000000000000
184.75000000000000
184.75000000000000
184.50000000000000
184.50000000000000
184.50000000000000
185.25000000000000
185.25000000000000
185.75000000000000
185.75000000000000
185.75000000000000
185.75000000000000
185.25000000000000
185.25000000000000
185.25000000000000
185.25000000000000
185.25000000000000
186.00000000000000
186.00000000000000
186.00000000000000
185.75000000000000
185.75000000000000
185.50000000000000
185.50000000000000
185.50000000000000
185.50000000000000
185.75000000000000
185.75000000000000
186.00000000000000
185.50000000000000
185.50000000000000
184.00000000000000
184.00000000000000
182.75000000000000
183.25000000000000
183.25000000000000
182.50000000000000
182.50000000000000
181.75000000000000
181.75000000000000
181.75000000000000
181.25000000000000
181.25000000000000
180.75000000000000
180.75000000000000
181.00000000000000
182.00000000000000
182.00000000000000
183.50000000000000
183.50000000000000
184.50000000000000
183.75000000000000
183.75000000000000
183.75000000000000
183.75000000000000
184.00000000000000
184.00000000000000
184.00000000000000
184.00000000000000
184.25000000000000
184.75000000000000
184.75000000000000
184.00000000000000
184.00000000000000
184.50000000000000
185.25000000000000
185.25000000000000
185.25000000000000
185.25000000000000
184.00000000000000
184.00000000000000
183.50000000000000
184.50000000000000
184.50000000000000
185.50000000000000
185.50000000000000
184.00000000000000
184.00000000000000
183.50000000000000
183.50000000000000
182.75000000000000
182.25000000000000
182.25000000000000
182.50000000000000
182.50000000000000
180.75000000000000
180.75000000000000
180.75000000000000
180.75000000000000
181.50000000000000
182.00000000000000
182.00000000000000
181.75000000000000
181.75000000000000
182.00000000000000
182.00000000000000
181.25000000000000
181.25000000000000
181.50000000000000
181.50000000000000
181.75000000000000
182.00000000000000
182.00000000000000
181.75000000000000
181.75000000000000
182.75000000000000
182.75000000000000
182.75000000000000
182.75000000000000
183.75000000000000
183.75000000000000
183.75000000000000
184.25000000000000
184.25000000000000
185.00000000000000
185.00000000000000
185.25000000000000
185.25000000000000
184.75000000000000
184.75000000000000
184.75000000000000
185.50000000000000
185.50000000000000
185.50000000000000
185.50000000000000
185.50000000000000
185.75000000000000
185.75000000000000
185.50000000000000
185.50000000000000
185.50000000000000
185.50000000000000
186.00000000000000
186.00000000000000
186.00000000000000
185.75000000000000
185.75000000000000
186.00000000000000
186.00000000000000
186.00000000000000
186.25000000000000
186.25000000000000
186.25000000000000
186.25000000000000
185.75000000000000
185.75000000000000
185.75000000000000
186.00000000000000
186.00000000000000
186.00000000000000
186.00000000000000
186.00000000000000
185.75000000000000
185.75000000000000
186.00000000000000
186.00000000000000
186.00000000000000
186.25000000000000
186.25000000000000
186.00000000000000
186.00000000000000
186.00000000000000
186.00000000000000
186.00000000000000
185.50000000000000
185.50000000000000
184.75000000000000
184.75000000000000
184.00000000000000
184.00000000000000
183.25000000000000
183.25000000000000
183.25000000000000
183.25000000000000
183.25000000000000
183.25000000000000
182.50000000000000
182.50000000000000
182.50000000000000
182.75000000000000
182.75000000000000
183.00000000000000
182.50000000000000
182.50000000000000
182.25000000000000
182.25000000000000
182.25000000000000
182.25000000000000
182.50000000000000
182.50000000000000
182.50000000000000
183.00000000000000
183.00000000000000
183.00000000000000
183.00000000000000
183.00000000000000
183.00000000000000
183.25000000000000
183.25000000000000
183.25000000000000
183.75000000000000
183.75000000000000
183.75000000000000
183.75000000000000
182.50000000000000
180.25000000000000
180.25000000000000
182.50000000000000
182.50000000000000
182.25000000000000
182.25000000000000
181.50000000000000
181.50000000000000
185.75000000000000
185.75000000000000
185.00000000000000
185.00000000000000
185.00000000000000
185.00000000000000
184.25000000000000
183.50000000000000
183.50000000000000
183.25000000000000
183.25000000000000
184.50000000000000
184.50000000000000
183.50000000000000
183.50000000000000
183.75000000000000
184.50000000000000
184.50000000000000
184.50000000000000
184.50000000000000
185.25000000000000
185.25000000000000
184.50000000000000
184.50000000000000
184.00000000000000
184.00000000000000
184.00000000000000
184.00000000000000
184.00000000000000
184.00000000000000
184.00000000000000
184.25000000000000
184.25000000000000
184.00000000000000
184.00000000000000
182.75000000000000
182.75000000000000
183.00000000000000
183.00000000000000
184.75000000000000
184.00000000000000
184.00000000000000
184.00000000000000
184.00000000000000
183.50000000000000
183.50000000000000
183.00000000000000
183.00000000000000
182.25000000000000
182.50000000000000
182.50000000000000
183.25000000000000
183.25000000000000
182.25000000000000
182.25000000000000
181.50000000000000
181.50000000000000
181.00000000000000
181.00000000000000
181.50000000000000
181.50000000000000
182.00000000000000
181.50000000000000
181.50000000000000
181.25000000000000
181.25000000000000
181.50000000000000
181.50000000000000
179.50000000000000
179.50000000000000
179.75000000000000
179.75000000000000
175.00000000000000
175.00000000000000
175.50000000000000
175.50000000000000
175.50000000000000
175.50000000000000
176.00000000000000
176.00000000000000
177.50000000000000
177.50000000000000
176.50000000000000
176.50000000000000
176.25000000000000
176.25000000000000
175.50000000000000
175.50000000000000
175.75000000000000
175.75000000000000
175.00000000000000
175.00000000000000
174.25000000000000
174.25000000000000
174.25000000000000
174.25000000000000
175.25000000000000
175.25000000000000
175.75000000000000
175.75000000000000
172.75000000000000
172.75000000000000
171.50000000000000
171.50000000000000
172.25000000000000
172.25000000000000
173.25000000000000
173.75000000000000
173.75000000000000
173.75000000000000
173.75000000000000
172.00000000000000
172.00000000000000
172.00000000000000
174.00000000000000
174.00000000000000
175.50000000000000
175.50000000000000
174.75000000000000
174.75000000000000
174.75000000000000
174.75000000000000
175.00000000000000
175.00000000000000
174.50000000000000
174.50000000000000
174.50000000000000
174.50000000000000
173.50000000000000
173.50000000000000
171.50000000000000
171.50000000000000
171.75000000000000
171.75000000000000
171.50000000000000
171.50000000000000
171.50000000000000
171.50000000000000
170.75000000000000
170.75000000000000
170.75000000000000
169.50000000000000
169.50000000000000
168.00000000000000
168.00000000000000
168.00000000000000
167.00000000000000
167.00000000000000
168.75000000000000
168.75000000000000
169.25000000000000
169.25000000000000
169.00000000000000
169.00000000000000
168.00000000000000
168.00000000000000
170.00000000000000
170.00000000000000
171.25000000000000
171.25000000000000
171.25000000000000
171.50000000000000
171.50000000000000
171.50000000000000
171.00000000000000
171.00000000000000
171.00000000000000
171.00000000000000
171.25000000000000
171.25000000000000
171.75000000000000
171.75000000000000
172.25000000000000
172.25000000000000
171.75000000000000
171.75000000000000
172.00000000000000
172.00000000000000
172.50000000000000
172.50000000000000
172.50000000000000
173.50000000000000
173.50000000000000
172.75000000000000
172.75000000000000
172.25000000000000
172.25000000000000
172.25000000000000
172.25000000000000
171.00000000000000
171.00000000000000
171.25000000000000
170.75000000000000
170.75000000000000
171.25000000000000
171.25000000000000
172.00000000000000
172.00000000000000
174.25000000000000
174.25000000000000
174.25000000000000
175.25000000000000
175.25000000000000
174.50000000000000
174.50000000000000
173.25000000000000
174.00000000000000
174.00000000000000
174.50000000000000
174.50000000000000
173.00000000000000
173.00000000000000
174.00000000000000
174.00000000000000
174.00000000000000
174.75000000000000
174.75000000000000
176.50000000000000
176.50000000000000
176.50000000000000
175.75000000000000
175.75000000000000
175.75000000000000
176.50000000000000
176.50000000000000
176.75000000000000
176.50000000000000
176.50000000000000
176.25000000000000
176.25000000000000
176.25000000000000
176.25000000000000
176.50000000000000
176.50000000000000
176.50000000000000
176.50000000000000
177.00000000000000
177.00000000000000
177.00000000000000
177.00000000000000
177.00000000000000
177.00000000000000
176.25000000000000
176.25000000000000
176.25000000000000
176.25000000000000
174.75000000000000
174.75000000000000
174.00000000000000
174.00000000000000
175.25000000000000
175.25000000000000
175.50000000000000
175.50000000000000
175.50000000000000
175.75000000000000
175.75000000000000
175.25000000000000
175.25000000000000
175.25000000000000
175.25000000000000
175.25000000000000
173.25000000000000
173.25000000000000
173.25000000000000
172.75000000000000
172.75000000000000
173.25000000000000
173.25000000000000
174.50000000000000
174.50000000000000
175.00000000000000
175.00000000000000
175.00000000000000
175.00000000000000
174.75000000000000
174.75000000000000
176.00000000000000
176.00000000000000
175.75000000000000
175.50000000000000
175.50000000000000
174.25000000000000
174.25000000000000
173.50000000000000
173.50000000000000
173.25000000000000
173.25000000000000
172.75000000000000
172.75000000000000
172.75000000000000
172.75000000000000
172.75000000000000
172.75000000000000
173.00000000000000
173.00000000000000
173.50000000000000
173.50000000000000
173.25000000000000
172.50000000000000
172.50000000000000
172.50000000000000
171.50000000000000
172.25000000000000
172.25000000000000
172.25000000000000
172.25000000000000
171.75000000000000
171.75000000000000
171.75000000000000
171.75000000000000
172.00000000000000
172.00000000000000
172.50000000000000
172.50000000000000
173.00000000000000
173.00000000000000
173.00000000000000
173.00000000000000
173.00000000000000
173.00000000000000
173.25000000000000
173.25000000000000
174.25000000000000
174.25000000000000
174.50000000000000
174.50000000000000
174.25000000000000
174.25000000000000
174.50000000000000
174.50000000000000
175.00000000000000
175.00000000000000
175.00000000000000
174.75000000000000
174.75000000000000
174.75000000000000
174.75000000000000
176.00000000000000
176.00000000000000
176.00000000000000
176.00000000000000
175.75000000000000
175.75000000000000
175.75000000000000
175.75000000000000
175.50000000000000
175.50000000000000
175.25000000000000
175.25000000000000
175.75000000000000
175.75000000000000
176.00000000000000
176.75000000000000
176.75000000000000
176.25000000000000
176.25000000000000
177.00000000000000
177.00000000000000
177.50000000000000
177.50000000000000
177.25000000000000
177.25000000000000
177.25000000000000
177.25000000000000
178.25000000000000
178.25000000000000
178.75000000000000
178.75000000000000
178.00000000000000
178.25000000000000
178.25000000000000
178.75000000000000
178.75000000000000
178.25000000000000
178.25000000000000
178.25000000000000
178.00000000000000
178.00000000000000
178.50000000000000
178.50000000000000
178.75000000000000
178.75000000000000
178.75000000000000
178.75000000000000
178.25000000000000
178.25000000000000
179.25000000000000
179.25000000000000
178.50000000000000
178.50000000000000
178.00000000000000
178.00000000000000
176.75000000000000
176.75000000000000
177.25000000000000
177.25000000000000
179.00000000000000
179.00000000000000
179.50000000000000
179.50000000000000
178.25000000000000
178.25000000000000
178.75000000000000
179.25000000000000
179.25000000000000
179.75000000000000
179.75000000000000
179.25000000000000
178.75000000000000
178.75000000000000
178.50000000000000
178.50000000000000
180.75000000000000
180.75000000000000
180.75000000000000
180.75000000000000
180.25000000000000
180.25000000000000
180.00000000000000
180.00000000000000
180.25000000000000
180.25000000000000
180.50000000000000
180.50000000000000
178.00000000000000
178.00000000000000
177.00000000000000
177.00000000000000
177.75000000000000
177.75000000000000
178.50000000000000
179.25000000000000
179.25000000000000
179.25000000000000
179.25000000000000
179.25000000000000
179.25000000000000
179.25000000000000
179.25000000000000
179.25000000000000
180.00000000000000
180.00000000000000
180.50000000000000
180.50000000000000
179.25000000000000
179.25000000000000
179.25000000000000
180.00000000000000
180.00000000000000
180.75000000000000
180.75000000000000
181.25000000000000
180.75000000000000
180.75000000000000
179.75000000000000
179.75000000000000
180.75000000000000
180.75000000000000
180.75000000000000
180.75000000000000
181.00000000000000
181.00000000000000
181.50000000000000
181.50000000000000
181.25000000000000
181.25000000000000
181.25000000000000
181.25000000000000
181.00000000000000
181.25000000000000
181.25000000000000
182.75000000000000
182.75000000000000
180.75000000000000
180.75000000000000
181.00000000000000
181.00000000000000
181.00000000000000
181.00000000000000
181.00000000000000
181.00000000000000
179.50000000000000
179.50000000000000
179.25000000000000
179.25000000000000
179.25000000000000
179.25000000000000
181.00000000000000
181.25000000000000
181.25000000000000
183.25000000000000
185.50000000000000
185.50000000000000
183.25000000000000
183.25000000000000
181.75000000000000
181.75000000000000
182.75000000000000
182.75000000000000
182.75000000000000
182.75000000000000
182.25000000000000
182.25000000000000
182.25000000000000
182.25000000000000
182.25000000000000
183.75000000000000
183.75000000000000
183.50000000000000
182.75000000000000
182.75000000000000
182.25000000000000
182.25000000000000
182.25000000000000
182.75000000000000
182.75000000000000
182.50000000000000
182.50000000000000
182.50000000000000
182.50000000000000
182.75000000000000
182.75000000000000
182.50000000000000
182.50000000000000
182.50000000000000
181.50000000000000
181.50000000000000
181.25000000000000
181.25000000000000
181.25000000000000
181.50000000000000
181.50000000000000
181.50000000000000
181.50000000000000
180.00000000000000
180.00000000000000
180.00000000000000
180.00000000000000
181.75000000000000
181.75000000000000
182.00000000000000
182.00000000000000
181.00000000000000
181.00000000000000
179.25000000000000
180.00000000000000
180.00000000000000
181.25000000000000
181.25000000000000
181.75000000000000
181.75000000000000
181.75000000000000
181.75000000000000
182.75000000000000
182.75000000000000
182.00000000000000
182.00000000000000
183.00000000000000
183.00000000000000
182.25000000000000
182.25000000000000
181.75000000000000
181.75000000000000
181.75000000000000
182.25000000000000
182.25000000000000
183.00000000000000
183.00000000000000
183.25000000000000
183.25000000000000
182.50000000000000
182.50000000000000
182.25000000000000
182.25000000000000
182.25000000000000
182.25000000000000
182.00000000000000
182.00000000000000
182.00000000000000
182.00000000000000
182.00000000000000
181.50000000000000
181.50000000000000
181.50000000000000
181.75000000000000
181.75000000000000
181.50000000000000
181.50000000000000
183.75000000000000
183.75000000000000
182.25000000000000
182.25000000000000
181.75000000000000
182.50000000000000
182.50000000000000
183.00000000000000
183.00000000000000
183.25000000000000
183.25000000000000
182.00000000000000
182.00000000000000
182.25000000000000
183.50000000000000
183.50000000000000
184.00000000000000
184.00000000000000
182.75000000000000
182.75000000000000
182.25000000000000
182.25000000000000
183.25000000000000
183.25000000000000
183.50000000000000
183.50000000000000
183.00000000000000
183.00000000000000
183.00000000000000
181.75000000000000
181.75000000000000
182.75000000000000
182.75000000000000
181.50000000000000
181.50000000000000
182.50000000000000
182.50000000000000
183.00000000000000
183.00000000000000
184.25000000000000
184.25000000000000
184.25000000000000
184.25000000000000
184.25000000000000
185.00000000000000
185.00000000000000
184.25000000000000
184.25000000000000
184.00000000000000
184.00000000000000
184.25000000000000
184.25000000000000
184.50000000000000
184.50000000000000
184.50000000000000
184.50000000000000
184.50000000000000
184.25000000000000
184.25000000000000
184.25000000000000
184.25000000000000
184.00000000000000
184.00000000000000
183.50000000000000
183.50000000000000
183.75000000000000
184.25000000000000
184.25000000000000
184.25000000000000
184.25000000000000
183.50000000000000
183.50000000000000
183.75000000000000
183.75000000000000
183.75000000000000
183.75000000000000
184.25000000000000
184.25000000000000
184.75000000000000
184.25000000000000
184.25000000000000
184.25000000000000
184.25000000000000
184.25000000000000
184.25000000000000
183.50000000000000
183.50000000000000
183.50000000000000
183.50000000000000
183.50000000000000
184.25000000000000
184.25000000000000
185.25000000000000
185.25000000000000
184.25000000000000
184.25000000000000
183.75000000000000
183.75000000000000
183.50000000000000
183.50000000000000
184.00000000000000
184.00000000000000
186.25000000000000
186.25000000000000
187.25000000000000
187.25000000000000
187.25000000000000
187.50000000000000
187.50000000000000
187.50000000000000
187.50000000000000
187.50000000000000
187.50000000000000
186.50000000000000
185.50000000000000
184.50000000000000
183.50000000000000
183.50000000000000
184.75000000000000
184.75000000000000
185.00000000000000
185.25000000000000
185.25000000000000
185.25000000000000
185.25000000000000
184.25000000000000
183.75000000000000
183.75000000000000
183.50000000000000
183.50000000000000
183.25000000000000
183.25000000000000
183.25000000000000
183.25000000000000
183.25000000000000
182.75000000000000
182.75000000000000
182.75000000000000
182.75000000000000
183.00000000000000
183.00000000000000
183.25000000000000
183.25000000000000
183.75000000000000
183.75000000000000
184.00000000000000
184.00000000000000
184.00000000000000
184.00000000000000
184.00000000000000
184.00000000000000
184.00000000000000
184.75000000000000
184.75000000000000
184.25000000000000
184.25000000000000
184.25000000000000
184.25000000000000
184.25000000000000
184.25000000000000
184.75000000000000
184.75000000000000
184.50000000000000
184.50000000000000
184.25000000000000
184.25000000000000
184.25000000000000
184.25000000000000
184.25000000000000
184.25000000000000
184.75000000000000
184.75000000000000
184.75000000000000
184.25000000000000
184.25000000000000
184.25000000000000
184.25000000000000
184.50000000000000
184.50000000000000
184.50000000000000
184.50000000000000
184.25000000000000
184.25000000000000
185.50000000000000
185.25000000000000
185.25000000000000
185.25000000000000
184.00000000000000
184.00000000000000
184.00000000000000
184.00000000000000
184.00000000000000
184.25000000000000
184.25000000000000
184.25000000000000
184.25000000000000
184.25000000000000
184.25000000000000
183.50000000000000
184.75000000000000
184.75000000000000
184.50000000000000
184.50000000000000
182.75000000000000
182.75000000000000
183.00000000000000
183.00000000000000
182.00000000000000
182.00000000000000
182.75000000000000
182.75000000000000
182.00000000000000
182.00000000000000
183.50000000000000
183.50000000000000
182.00000000000000
182.00000000000000
180.50000000000000
178.50000000000000
178.50000000000000
178.50000000000000
179.50000000000000
180.75000000000000
180.75000000000000
180.25000000000000
180.25000000000000
180.25000000000000
180.25000000000000
180.50000000000000
180.50000000000000
181.50000000000000
181.50000000000000
181.00000000000000
179.50000000000000
179.50000000000000
178.50000000000000
178.50000000000000
177.00000000000000
177.00000000000000
177.25000000000000
177.25000000000000
176.75000000000000
176.75000000000000
176.00000000000000
176.00000000000000
174.75000000000000
174.75000000000000
173.25000000000000
173.25000000000000
173.25000000000000
173.25000000000000
170.75000000000000
170.75000000000000
170.50000000000000
169.50000000000000
169.50000000000000
168.25000000000000
168.25000000000000
169.25000000000000
169.25000000000000
169.50000000000000
169.50000000000000
169.50000000000000
169.50000000000000
169.25000000000000
169.25000000000000
169.25000000000000
169.25000000000000
168.25000000000000
168.25000000000000
168.25000000000000
168.25000000000000
169.25000000000000
169.25000000000000
168.50000000000000
168.50000000000000
168.50000000000000
168.50000000000000
168.50000000000000
166.50000000000000
166.50000000000000
166.50000000000000
166.50000000000000
166.50000000000000
166.50000000000000
165.00000000000000
165.00000000000000
163.75000000000000
163.00000000000000
163.00000000000000
162.75000000000000
162.75000000000000
162.75000000000000
163.75000000000000
163.75000000000000
164.50000000000000
164.50000000000000
164.75000000000000
164.75000000000000
164.75000000000000
164.75000000000000
164.75000000000000
165.00000000000000
165.00000000000000
165.00000000000000
165.00000000000000
164.75000000000000
164.75000000000000
164.75000000000000
164.75000000000000
164.75000000000000
164.75000000000000
164.75000000000000
165.00000000000000
165.00000000000000
166.75000000000000
166.75000000000000
167.25000000000000
167.25000000000000
167.75000000000000
167.75000000000000
167.75000000000000
167.75000000000000
168.25000000000000
168.25000000000000
169.75000000000000
169.75000000000000
170.25000000000000
170.25000000000000
171.00000000000000
171.00000000000000
171.50000000000000
171.50000000000000
171.75000000000000
171.75000000000000
172.00000000000000
172.00000000000000
172.50000000000000
172.50000000000000
173.00000000000000
173.00000000000000
172.75000000000000
172.75000000000000
172.75000000000000
172.75000000000000
173.75000000000000
173.75000000000000
173.75000000000000
173.50000000000000
173.50000000000000
173.50000000000000
173.50000000000000
173.75000000000000
173.75000000000000
173.75000000000000
174.75000000000000
174.25000000000000
174.25000000000000
173.75000000000000
173.75000000000000
173.50000000000000
173.50000000000000
174.75000000000000
174.75000000000000
173.75000000000000
173.75000000000000
173.50000000000000
173.50000000000000
173.25000000000000
173.25000000000000
172.25000000000000
172.25000000000000
173.50000000000000
173.50000000000000
173.50000000000000
173.50000000000000
171.75000000000000
171.75000000000000
171.75000000000000
171.75000000000000
174.00000000000000
174.00000000000000
172.75000000000000
172.75000000000000
170.75000000000000
170.75000000000000
171.25000000000000
171.25000000000000
172.75000000000000
172.75000000000000
174.50000000000000
174.50000000000000
175.00000000000000
175.00000000000000
175.25000000000000
175.25000000000000
176.25000000000000
176.25000000000000
174.25000000000000
174.25000000000000
172.75000000000000
172.75000000000000
170.50000000000000
170.50000000000000
171.00000000000000
171.00000000000000
174.50000000000000
174.50000000000000
175.00000000000000
175.00000000000000
171.25000000000000
171.50000000000000
171.50000000000000
171.50000000000000
171.50000000000000
170.50000000000000
169.75000000000000
169.75000000000000
169.50000000000000
169.50000000000000
167.00000000000000
166.75000000000000
166.75000000000000
166.25000000000000
166.25000000000000
166.00000000000000
166.00000000000000
170.25000000000000
170.25000000000000
171.75000000000000
171.75000000000000
168.25000000000000
168.25000000000000
166.25000000000000
166.25000000000000
166.75000000000000
166.75000000000000
167.25000000000000
167.25000000000000
166.75000000000000
167.00000000000000
167.00000000000000
167.00000000000000
167.00000000000000
167.50000000000000
167.50000000000000
167.25000000000000
167.25000000000000
167.00000000000000
167.00000000000000
167.00000000000000
167.00000000000000
167.00000000000000
166.25000000000000
166.25000000000000
166.25000000000000
166.50000000000000
166.75000000000000
166.75000000000000
168.75000000000000
168.75000000000000
169.25000000000000
169.25000000000000
169.50000000000000
169.50000000000000
168.75000000000000
168.25000000000000
168.25000000000000
168.25000000000000
168.25000000000000
167.25000000000000
167.25000000000000
166.50000000000000
165.00000000000000
165.00000000000000
165.00000000000000
165.00000000000000
165.00000000000000
164.00000000000000
164.00000000000000
164.00000000000000
163.00000000000000
163.00000000000000
159.50000000000000
155.75000000000000
154.00000000000000
154.00000000000000
155.75000000000000
155.75000000000000
156.50000000000000
157.25000000000000
157.25000000000000
156.75000000000000
156.75000000000000
156.75000000000000
156.75000000000000
158.75000000000000
159.75000000000000
159.75000000000000
161.00000000000000
160.75000000000000
160.75000000000000
160.50000000000000
160.00000000000000
160.00000000000000
160.25000000000000
159.25000000000000
159.25000000000000
160.00000000000000
160.25000000000000
160.25000000000000
162.00000000000000
162.00000000000000
163.00000000000000
163.00000000000000
165.00000000000000
165.00000000000000
165.00000000000000
166.50000000000000
167.25000000000000
167.25000000000000
168.75000000000000
168.75000000000000
169.50000000000000
169.50000000000000
170.00000000000000
170.00000000000000
169.00000000000000
169.00000000000000
169.50000000000000
169.50000000000000
168.75000000000000
168.75000000000000
168.50000000000000
168.50000000000000
168.25000000000000
168.25000000000000
168.75000000000000
168.75000000000000
169.25000000000000
169.25000000000000
169.50000000000000
169.50000000000000
169.25000000000000
169.25000000000000
166.75000000000000
166.75000000000000
166.75000000000000
166.75000000000000
166.75000000000000
166.75000000000000
167.25000000000000
167.25000000000000
167.25000000000000
167.25000000000000
167.25000000000000
169.00000000000000
169.00000000000000
168.75000000000000
168.75000000000000
167.75000000000000
167.75000000000000
166.50000000000000
166.50000000000000
168.00000000000000
168.00000000000000
168.75000000000000
168.75000000000000
168.50000000000000
167.75000000000000
167.75000000000000
167.00000000000000
167.00000000000000
165.75000000000000
165.75000000000000
166.25000000000000
166.25000000000000
167.25000000000000
167.25000000000000
168.00000000000000
168.00000000000000
168.00000000000000
167.75000000000000
167.75000000000000
167.00000000000000
167.00000000000000
165.25000000000000
165.25000000000000
164.75000000000000
164.75000000000000
164.75000000000000
164.75000000000000
168.00000000000000
168.00000000000000
170.00000000000000
170.00000000000000
171.00000000000000
171.00000000000000
170.50000000000000
170.25000000000000
170.25000000000000
170.00000000000000
170.00000000000000
170.00000000000000
170.00000000000000
170.00000000000000
170.00000000000000
166.00000000000000
167.00000000000000
167.00000000000000
167.50000000000000
167.50000000000000
167.50000000000000
168.50000000000000
168.50000000000000
168.50000000000000
168.50000000000000
169.50000000000000
168.75000000000000
168.75000000000000
168.25000000000000
168.25000000000000
166.50000000000000
166.50000000000000
166.50000000000000
165.50000000000000
165.50000000000000
166.25000000000000
166.25000000000000
167.50000000000000
167.50000000000000
166.00000000000000
166.00000000000000
164.25000000000000
162.75000000000000
162.75000000000000
161.25000000000000
161.25000000000000
160.50000000000000
160.50000000000000
159.25000000000000
159.25000000000000
157.25000000000000
157.25000000000000
157.25000000000000
151.25000000000000
151.25000000000000
151.00000000000000
151.00000000000000
151.00000000000000
151.00000000000000
151.25000000000000
151.25000000000000
151.25000000000000
151.25000000000000
145.75000000000000
145.75000000000000
145.75000000000000
143.08333333333334
140.41666666666666
137.75000000000000
135.08333333333334
132.41666666666666
129.75000000000000
129.75000000000000
129.75000000000000
129.75000000000000
130.75000000000000
130.75000000000000
130.75000000000000
130.75000000000000
134.00000000000000
135.75000000000000
135.75000000000000
135.75000000000000
135.75000000000000
138.25000000000000
138.25000000000000
139.50000000000000
139.50000000000000
139.50000000000000
139.50000000000000
140.50000000000000
140.50000000000000
144.50000000000000
144.50000000000000
146.50000000000000
148.50000000000000
148.50000000000000
149.00000000000000
149.00000000000000
146.50000000000000
145.25000000000000
145.25000000000000
145.25000000000000
145.25000000000000
146.75000000000000
147.00000000000000
147.00000000000000
147.00000000000000
147.00000000000000
147.00000000000000
148.50000000000000
148.50000000000000
148.50000000000000
153.00000000000000
153.00000000000000
152.25000000000000
155.75000000000000
155.75000000000000
156.00000000000000
156.00000000000000
152.75000000000000
150.25000000000000
150.25000000000000
149.75000000000000
149.75000000000000
149.75000000000000
152.25000000000000
154.50000000000000
154.50000000000000
159.50000000000000
159.50000000000000
160.25000000000000
161.00000000000000
161.00000000000000
161.00000000000000
157.75000000000000
158.75000000000000
158.75000000000000
161.25000000000000
161.25000000000000
162.50000000000000
162.50000000000000
163.25000000000000
163.25000000000000
163.25000000000000
161.00000000000000
161.00000000000000
160.50000000000000
160.50000000000000
160.50000000000000
160.75000000000000
162.50000000000000
162.50000000000000
163.25000000000000
163.25000000000000
153.50000000000000
153.50000000000000
154.25000000000000
153.25000000000000
153.25000000000000
153.25000000000000
152.50000000000000
152.50000000000000
153.50000000000000
153.50000000000000
152.50000000000000
152.50000000000000
152.50000000000000
147.50000000000000
147.50000000000000
145.25000000000000
145.25000000000000
143.50000000000000
143.50000000000000
149.00000000000000
152.75000000000000
152.75000000000000
155.00000000000000
157.25000000000000
157.25000000000000
158.25000000000000
158.25000000000000
159.75000000000000
159.75000000000000
162.25000000000000
162.25000000000000
163.75000000000000
163.75000000000000
164.25000000000000
164.25000000000000
164.25000000000000
168.50000000000000
168.50000000000000
166.50000000000000
166.50000000000000
165.50000000000000
164.25000000000000
164.25000000000000
160.50000000000000
160.50000000000000
158.25000000000000
158.25000000000000
157.50000000000000
156.75000000000000
156.75000000000000
157.00000000000000
157.00000000000000
157.00000000000000
156.25000000000000
154.75000000000000
154.75000000000000
155.25000000000000
156.50000000000000
156.50000000000000
156.50000000000000
155.00000000000000
155.00000000000000
154.50000000000000
154.50000000000000
155.50000000000000
153.50000000000000
153.50000000000000
150.75000000000000
147.75000000000000
147.75000000000000
148.00000000000000
148.00000000000000
150.00000000000000
154.00000000000000
154.00000000000000
154.25000000000000
155.50000000000000
155.50000000000000
155.50000000000000
160.75000000000000
160.75000000000000
160.75000000000000
160.75000000000000
160.75000000000000
160.75000000000000
160.75000000000000
160.75000000000000
163.75000000000000
163.75000000000000
164.25000000000000
164.25000000000000
164.25000000000000
164.50000000000000
164.50000000000000
165.25000000000000
165.25000000000000
166.50000000000000
166.50000000000000
166.50000000000000
166.50000000000000
164.75000000000000
163.75000000000000
163.75000000000000
163.50000000000000
163.50000000000000
160.50000000000000
160.50000000000000
160.00000000000000
160.00000000000000
158.75000000000000
160.25000000000000
160.25000000000000
161.25000000000000
161.25000000000000
161.50000000000000
161.50000000000000
161.75000000000000
161.75000000000000
161.75000000000000
161.75000000000000
161.75000000000000
151.50000000000000
149.00000000000000
149.00000000000000
149.00000000000000
145.75000000000000
145.00000000000000
145.00000000000000
145.00000000000000
144.75000000000000
144.75000000000000
144.75000000000000
144.75000000000000
144.75000000000000
144.75000000000000
146.94444444444446
149.13888888888889
151.33333333333334
153.52777777777777
155.72222222222223
157.91666666666666
160.11111111111111
162.30555555555554
164.50000000000000
164.50000000000000
166.50000000000000
166.50000000000000
167.75000000000000
167.75000000000000
169.00000000000000
169.00000000000000
168.75000000000000
168.75000000000000
168.75000000000000
168.75000000000000
168.75000000000000
168.75000000000000
167.75000000000000
167.75000000000000
167.50000000000000
167.50000000000000
169.00000000000000
169.00000000000000
166.50000000000000
166.50000000000000
165.25000000000000
165.25000000000000
165.75000000000000
165.75000000000000
164.75000000000000
164.50000000000000
164.50000000000000
164.50000000000000
164.50000000000000
164.50000000000000
165.00000000000000
165.00000000000000
165.75000000000000
165.75000000000000
167.50000000000000
167.50000000000000
166.75000000000000
166.75000000000000
166.75000000000000
166.75000000000000
166.75000000000000
166.75000000000000
166.25000000000000
166.25000000000000
158.50000000000000
158.50000000000000
153.75000000000000
153.75000000000000
153.25000000000000
155.75000000000000
155.75000000000000
158.00000000000000
158.00000000000000
163.50000000000000
163.50000000000000
166.25000000000000
166.25000000000000
168.75000000000000
168.75000000000000
170.25000000000000
170.25000000000000
170.50000000000000
170.50000000000000
173.75000000000000
173.75000000000000
174.75000000000000
174.75000000000000
175.00000000000000
174.25000000000000
174.25000000000000
175.00000000000000
175.00000000000000
175.50000000000000
175.50000000000000
175.50000000000000
175.50000000000000
175.00000000000000
175.50000000000000
175.50000000000000
176.75000000000000
176.75000000000000
175.50000000000000
175.50000000000000
175.50000000000000
175.50000000000000
176.00000000000000
176.00000000000000
169.75000000000000
169.00000000000000
169.00000000000000
169.00000000000000
169.00000000000000
169.00000000000000
169.00000000000000
169.00000000000000
170.00000000000000
170.00000000000000
170.00000000000000
171.25000000000000
171.25000000000000
171.75000000000000
171.75000000000000
171.75000000000000
171.75000000000000
173.50000000000000
173.50000000000000
174.50000000000000
174.50000000000000
175.75000000000000
175.75000000000000
176.00000000000000
176.00000000000000
176.00000000000000
175.00000000000000
175.00000000000000
173.00000000000000
173.00000000000000
173.75000000000000
173.75000000000000
175.25000000000000
175.25000000000000
175.75000000000000
175.75000000000000
175.25000000000000
175.25000000000000
174.50000000000000
174.50000000000000
172.50000000000000
172.50000000000000
172.25000000000000
172.25000000000000
171.50000000000000
171.50000000000000
171.50000000000000
172.00000000000000
172.25000000000000
172.25000000000000
172.25000000000000
171.25000000000000
172.75000000000000
172.75000000000000
172.25000000000000
172.25000000000000
173.50000000000000
173.50000000000000
175.25000000000000
175.50000000000000
175.50000000000000
174.50000000000000
174.50000000000000
174.50000000000000
176.50000000000000
178.00000000000000
178.00000000000000
178.00000000000000
178.50000000000000
178.50000000000000
178.75000000000000
177.25000000000000
177.25000000000000
177.25000000000000
177.00000000000000
177.50000000000000
177.50000000000000
178.25000000000000
178.25000000000000
177.00000000000000
177.00000000000000
177.00000000000000
177.00000000000000
176.50000000000000
176.50000000000000
178.00000000000000
178.00000000000000
178.00000000000000
178.25000000000000
178.25000000000000
178.25000000000000
178.25000000000000
178.25000000000000
178.25000000000000
177.00000000000000
177.00000000000000
179.50000000000000
179.50000000000000
178.25000000000000
178.25000000000000
177.75000000000000
177.75000000000000
176.00000000000000
176.00000000000000
175.75000000000000
175.75000000000000
176.00000000000000
176.00000000000000
176.75000000000000
176.75000000000000
176.00000000000000
176.00000000000000
172.00000000000000
172.00000000000000
165.75000000000000
165.75000000000000
163.25000000000000
163.25000000000000
162.50000000000000
164.25000000000000
164.25000000000000
164.25000000000000
167.25000000000000
167.25000000000000
170.00000000000000
171.00000000000000
171.00000000000000
171.00000000000000
172.00000000000000
173.75000000000000
173.75000000000000
175.75000000000000
175.75000000000000
177.25000000000000
177.25000000000000
177.25000000000000
177.25000000000000
177.25000000000000
177.25000000000000
177.50000000000000
177.50000000000000
179.50000000000000
179.50000000000000
180.00000000000000
180.00000000000000
179.25000000000000
179.25000000000000
178.50000000000000
178.50000000000000
180.00000000000000
180.00000000000000
180.00000000000000
180.00000000000000
180.25000000000000
180.25000000000000
180.25000000000000
181.00000000000000
181.00000000000000
179.75000000000000
179.75000000000000
180.25000000000000
180.25000000000000
181.00000000000000
181.00000000000000
181.00000000000000
182.25000000000000
182.25000000000000
181.75000000000000
181.75000000000000
182.00000000000000
182.00000000000000
182.00000000000000
182.00000000000000
181.50000000000000
181.50000000000000
180.75000000000000
180.75000000000000
181.25000000000000
181.25000000000000
181.00000000000000
181.00000000000000
182.00000000000000
182.00000000000000
183.50000000000000
182.50000000000000
182.50000000000000
182.50000000000000
182.50000000000000
182.50000000000000
182.50000000000000
182.50000000000000
182.50000000000000
180.75000000000000
180.75000000000000
181.00000000000000
181.00000000000000
181.00000000000000
181.00000000000000
180.75000000000000
180.75000000000000
180.50000000000000
180.50000000000000
180.50000000000000
180.50000000000000
180.50000000000000
179.25000000000000
179.25000000000000
178.25000000000000
178.25000000000000
177.75000000000000
177.75000000000000
178.50000000000000
178.50000000000000
178.50000000000000
178.50000000000000
178.25000000000000
178.25000000000000
178.25000000000000
178.25000000000000
178.50000000000000
180.25000000000000
180.25000000000000
181.25000000000000
181.25000000000000
181.00000000000000
181.00000000000000
181.50000000000000
181.50000000000000
182.75000000000000
182.75000000000000
182.75000000000000
182.75000000000000
182.25000000000000
182.25000000000000
182.75000000000000
182.75000000000000
183.25000000000000
183.25000000000000
179.50000000000000
179.50000000000000
181.50000000000000
181.50000000000000
181.00000000000000
181.00000000000000
179.50000000000000
180.25000000000000
180.25000000000000
180.25000000000000
180.25000000000000
180.25000000000000
180.25000000000000
181.25000000000000
181.25000000000000
181.25000000000000
181.25000000000000
182.25000000000000
182.25000000000000
182.25000000000000
182.25000000000000
182.75000000000000
182.75000000000000
183.00000000000000
183.00000000000000
183.25000000000000
183.25000000000000
183.50000000000000
183.50000000000000
183.00000000000000
183.00000000000000
183.25000000000000
183.25000000000000
184.00000000000000
184.00000000000000
183.50000000000000
183.00000000000000
183.00000000000000
182.25000000000000
182.25000000000000
183.00000000000000
183.00000000000000
183.00000000000000
183.00000000000000
182.50000000000000
182.50000000000000
182.00000000000000
182.00000000000000
181.50000000000000
181.50000000000000
183.00000000000000
183.00000000000000
183.00000000000000
183.00000000000000
183.25000000000000
183.25000000000000
180.75000000000000
180.75000000000000
180.75000000000000
181.75000000000000
181.75000000000000
181.50000000000000
181.50000000000000
181.50000000000000
181.50000000000000
181.75000000000000
181.75000000000000
182.75000000000000
182.75000000000000
182.00000000000000
182.00000000000000
182.50000000000000
183.00000000000000
183.00000000000000
184.25000000000000
184.25000000000000
184.50000000000000
184.50000000000000
182.00000000000000
182.00000000000000
182.00000000000000
182.00000000000000
183.25000000000000
183.25000000000000
184.50000000000000
184.50000000000000
184.75000000000000
184.50000000000000
184.50000000000000
184.50000000000000
184.50000000000000
183.75000000000000
183.75000000000000
183.50000000000000
183.50000000000000
183.75000000000000
183.75000000000000
184.25000000000000
184.75000000000000
184.75000000000000
185.00000000000000
185.00000000000000
185.25000000000000
185.25000000000000
185.25000000000000
185.25000000000000
183.75000000000000
183.75000000000000
182.50000000000000
182.50000000000000
184.50000000000000
184.75000000000000
184.75000000000000
185.25000000000000
185.25000000000000
185.75000000000000
185.75000000000000
183.50000000000000
183.50000000000000
183.25000000000000
183.25000000000000
183.25000000000000
183.25000000000000
181.50000000000000
181.50000000000000
180.50000000000000
180.50000000000000
180.50000000000000
179.75000000000000
179.75000000000000
179.25000000000000
179.25000000000000
179.00000000000000
179.00000000000000
180.00000000000000
180.00000000000000
180.25000000000000
180.25000000000000
178.75000000000000
179.25000000000000
179.25000000000000
178.75000000000000
178.75000000000000
178.75000000000000
178.75000000000000
177.50000000000000
177.50000000000000
177.25000000000000
177.25000000000000
177.25000000000000
177.50000000000000
177.50000000000000
179.25000000000000
179.25000000000000
178.75000000000000
178.75000000000000
180.00000000000000
180.00000000000000
180.50000000000000
180.50000000000000
181.00000000000000
181.00000000000000
181.75000000000000
181.75000000000000
181.75000000000000
181.75000000000000
182.75000000000000
182.75000000000000
182.75000000000000
184.00000000000000
184.00000000000000
184.25000000000000
184.25000000000000
185.00000000000000
185.00000000000000
185.25000000000000
185.25000000000000
185.50000000000000
185.50000000000000
185.50000000000000
185.50000000000000
187.00000000000000
186.75000000000000
186.75000000000000
186.00000000000000
186.00000000000000
186.75000000000000
186.75000000000000
187.00000000000000
187.00000000000000
186.25000000000000
186.25000000000000
186.25000000000000
187.00000000000000
187.00000000000000
187.25000000000000
187.25000000000000
187.25000000000000
187.25000000000000
186.25000000000000
186.25000000000000
185.00000000000000
185.00000000000000
185.25000000000000
185.50000000000000
185.50000000000000
186.75000000000000
186.75000000000000
185.75000000000000
185.75000000000000
184.00000000000000
184.00000000000000
184.75000000000000
184.75000000000000
185.00000000000000
185.00000000000000
185.25000000000000
185.75000000000000
185.75000000000000
185.75000000000000
185.75000000000000
186.50000000000000
186.50000000000000
186.00000000000000
186.00000000000000
184.50000000000000
185.25000000000000
185.25000000000000
185.75000000000000
185.75000000000000
185.75000000000000
185.75000000000000
186.00000000000000
186.00000000000000
186.75000000000000
185.50000000000000
185.50000000000000
184.75000000000000
184.75000000000000
184.50000000000000
184.50000000000000
184.50000000000000
184.50000000000000
181.75000000000000
181.75000000000000
184.00000000000000
184.00000000000000
185.00000000000000
185.00000000000000
184.75000000000000
184.75000000000000
184.75000000000000
184.75000000000000
185.00000000000000
185.50000000000000
185.50000000000000
186.00000000000000
186.00000000000000
188.50000000000000
188.50000000000000
188.25000000000000
188.25000000000000
185.00000000000000
185.25000000000000
185.25000000000000
185.25000000000000
185.25000000000000
186.50000000000000
186.50000000000000
185.75000000000000
188.00000000000000
188.00000000000000
188.25000000000000
188.25000000000000
186.75000000000000
186.75000000000000
186.00000000000000
186.00000000000000
185.75000000000000
185.75000000000000
185.25000000000000
183.50000000000000
183.50000000000000
183.50000000000000
184.25000000000000
184.25000000000000
184.25000000000000
183.50000000000000
183.50000000000000
183.75000000000000
183.75000000000000
183.50000000000000
183.50000000000000
183.50000000000000
183.50000000000000
183.50000000000000
183.50000000000000
184.50000000000000
183.75000000000000
183.75000000000000
182.25000000000000
182.25000000000000
182.25000000000000
182.25000000000000
183.00000000000000
183.00000000000000
183.00000000000000
183.00000000000000
183.75000000000000
183.75000000000000
183.25000000000000
183.25000000000000
184.75000000000000
184.75000000000000
184.00000000000000
184.25000000000000
184.25000000000000
184.25000000000000
184.25000000000000
184.50000000000000
184.50000000000000
184.50000000000000
184.50000000000000
185.25000000000000
185.25000000000000
185.75000000000000
185.75000000000000
185.00000000000000
184.75000000000000
184.75000000000000
185.50000000000000
185.50000000000000
185.75000000000000
185.75000000000000
185.00000000000000
185.00000000000000
185.00000000000000
185.00000000000000
185.25000000000000
185.25000000000000
185.25000000000000
185.25000000000000
185.25000000000000
185.25000000000000
185.25000000000000
185.50000000000000
185.50000000000000
184.75000000000000
184.75000000000000
184.00000000000000
184.50000000000000
184.50000000000000
185.00000000000000
185.00000000000000
185.25000000000000
185.25000000000000
186.00000000000000
186.00000000000000
186.00000000000000
186.00000000000000
186.00000000000000
186.00000000000000
186.00000000000000
186.00000000000000
186.00000000000000
185.50000000000000
185.50000000000000
184.75000000000000
184.75000000000000
186.25000000000000
186.25000000000000
185.00000000000000
185.00000000000000
183.75000000000000
183.75000000000000
183.50000000000000
183.50000000000000
183.50000000000000
183.50000000000000
183.75000000000000
184.00000000000000
184.00000000000000
184.00000000000000
184.00000000000000
183.50000000000000
183.50000000000000
183.50000000000000
183.50000000000000
183.75000000000000
183.75000000000000
184.00000000000000
184.00000000000000
185.00000000000000
185.25000000000000
185.25000000000000
184.50000000000000
184.50000000000000
184.25000000000000
184.25000000000000
184.25000000000000
184.25000000000000
184.75000000000000
184.75000000000000
185.50000000000000
184.75000000000000
184.75000000000000
184.50000000000000
184.50000000000000
183.75000000000000
183.75000000000000
184.50000000000000
184.50000000000000
184.00000000000000
184.00000000000000
185.00000000000000
184.25000000000000
184.25000000000000
182.50000000000000
182.50000000000000
181.50000000000000
181.50000000000000
181.50000000000000
181.50000000000000
181.50000000000000
181.50000000000000
180.75000000000000
180.75000000000000
182.25000000000000
182.25000000000000
181.50000000000000
181.50000000000000
181.00000000000000
180.75000000000000
180.75000000000000
180.50000000000000
180.50000000000000
179.25000000000000
179.25000000000000
180.00000000000000
180.00000000000000
180.00000000000000
180.00000000000000
178.75000000000000
178.75000000000000
178.00000000000000
178.00000000000000
177.25000000000000
177.25000000000000
177.00000000000000
177.00000000000000
176.50000000000000
176.50000000000000
177.00000000000000
177.00000000000000
177.50000000000000
177.50000000000000
176.50000000000000
176.50000000000000
176.50000000000000
176.50000000000000
176.75000000000000
176.00000000000000
176.00000000000000
174.75000000000000
174.75000000000000
176.75000000000000
176.75000000000000
177.75000000000000
177.75000000000000
176.75000000000000
176.75000000000000
175.00000000000000
175.00000000000000
174.50000000000000
174.50000000000000
175.00000000000000
175.00000000000000
175.25000000000000
175.50000000000000
175.50000000000000
173.00000000000000
173.00000000000000
171.25000000000000
171.25000000000000
173.00000000000000
173.00000000000000
173.00000000000000
173.00000000000000
172.75000000000000
174.00000000000000
174.00000000000000
176.50000000000000
176.50000000000000
170.50000000000000
170.50000000000000
167.75000000000000
167.75000000000000
166.50000000000000
167.00000000000000
167.00000000000000
166.00000000000000
166.00000000000000
165.00000000000000
164.25000000000000
164.25000000000000
165.00000000000000
165.00000000000000
165.25000000000000
165.25000000000000
162.75000000000000
160.75000000000000
160.75000000000000
160.75000000000000
159.50000000000000
159.50000000000000
158.25000000000000
155.50000000000000
155.50000000000000
153.00000000000000
153.00000000000000
154.50000000000000
154.50000000000000
154.00000000000000
154.00000000000000
153.25000000000000
153.25000000000000
153.25000000000000
150.00000000000000
150.00000000000000
146.25000000000000
146.25000000000000
145.25000000000000
145.25000000000000
141.25000000000000
141.25000000000000
144.25000000000000
144.25000000000000
146.00000000000000
146.00000000000000
146.00000000000000
146.25000000000000
146.25000000000000
145.50000000000000
145.50000000000000
145.00000000000000
145.00000000000000
144.25000000000000
143.75000000000000
143.75000000000000
143.25000000000000
143.25000000000000
143.25000000000000
143.00000000000000
141.75000000000000
141.75000000000000
141.75000000000000
144.00000000000000
144.75000000000000
144.75000000000000
150.75000000000000
150.75000000000000
156.75000000000000
156.75000000000000
157.75000000000000
157.75000000000000
157.75000000000000
158.00000000000000
158.00000000000000
158.00000000000000
158.00000000000000
157.75000000000000
157.50000000000000
157.25000000000000
157.00000000000000
156.75000000000000
156.50000000000000
156.25000000000000
156.00000000000000
155.75000000000000
155.50000000000000
155.25000000000000
155.00000000000000
154.75000000000000
154.50000000000000
154.25000000000000
154.00000000000000
153.75000000000000
153.50000000000000
153.25000000000000
153.00000000000000
152.75000000000000
152.50000000000000
152.25000000000000
152.00000000000000
151.25000000000000
151.25000000000000
151.25000000000000
151.25000000000000
151.25000000000000
151.25000000000000
151.25000000000000
151.25000000000000
155.25000000000000
155.25000000000000
150.50000000000000
150.50000000000000
156.00000000000000
156.00000000000000
156.00000000000000
157.75000000000000
157.75000000000000
162.25000000000000
162.25000000000000
162.25000000000000
163.00000000000000
163.00000000000000
168.50000000000000
168.50000000000000
168.75000000000000
168.75000000000000
167.50000000000000
167.50000000000000
167.50000000000000
164.25000000000000
161.50000000000000
161.50000000000000
160.00000000000000
160.25000000000000
160.25000000000000
160.25000000000000
164.25000000000000
164.75000000000000
164.75000000000000
164.75000000000000
165.00000000000000
165.00000000000000
165.00000000000000
168.75000000000000
169.50000000000000
169.50000000000000
169.25000000000000
169.25000000000000
167.25000000000000
167.25000000000000
163.50000000000000
163.50000000000000
165.25000000000000
165.25000000000000
167.75000000000000
167.75000000000000
169.50000000000000
169.50000000000000
172.50000000000000
172.50000000000000
173.00000000000000
175.50000000000000
175.50000000000000
175.50000000000000
176.75000000000000
178.25000000000000
178.25000000000000
178.25000000000000
178.50000000000000
179.00000000000000
179.00000000000000
178.25000000000000
178.25000000000000
178.50000000000000
178.50000000000000
180.25000000000000
181.00000000000000
181.00000000000000
178.00000000000000
178.00000000000000
179.50000000000000
179.50000000000000
180.25000000000000
180.25000000000000
180.50000000000000
180.50000000000000
180.75000000000000
180.75000000000000
180.00000000000000
180.00000000000000
179.00000000000000
179.00000000000000
178.50000000000000
178.50000000000000
178.00000000000000
178.00000000000000
178.25000000000000
178.25000000000000
178.75000000000000
178.75000000000000
178.00000000000000
179.50000000000000
179.50000000000000
180.50000000000000
180.50000000000000
179.75000000000000
179.75000000000000
177.50000000000000
177.50000000000000
178.25000000000000
178.25000000000000
178.50000000000000
178.50000000000000
178.50000000000000
178.50000000000000
178.50000000000000
178.50000000000000
178.50000000000000
178.50000000000000
170.25000000000000
170.25000000000000
167.00000000000000
167.00000000000000
167.00000000000000
165.75000000000000
165.00000000000000
165.00000000000000
164.75000000000000
164.75000000000000
164.50000000000000
164.50000000000000
162.75000000000000
162.75000000000000
162.50000000000000
162.50000000000000
164.25000000000000
164.25000000000000
164.25000000000000
166.00000000000000
166.75000000000000
166.75000000000000
166.75000000000000
168.25000000000000
168.25000000000000
167.50000000000000
168.25000000000000
168.25000000000000
168.25000000000000
169.00000000000000
169.00000000000000
169.75000000000000
169.75000000000000
170.00000000000000
170.00000000000000
170.25000000000000
170.25000000000000
170.25000000000000
172.00000000000000
172.00000000000000
171.25000000000000
171.25000000000000
170.25000000000000
170.25000000000000
170.25000000000000
165.50000000000000
159.25000000000000
159.25000000000000
159.25000000000000
154.75000000000000
154.75000000000000
153.75000000000000
153.75000000000000
153.75000000000000
153.75000000000000
153.75000000000000
153.75000000000000
162.62500000000000
171.50000000000000
171.50000000000000
171.50000000000000
170.00000000000000
170.00000000000000
167.50000000000000
167.50000000000000
166.50000000000000
166.50000000000000
168.25000000000000
167.75000000000000
167.75000000000000
167.75000000000000
167.50000000000000
167.50000000000000
168.50000000000000
168.50000000000000
168.75000000000000
168.75000000000000
170.75000000000000
170.75000000000000
173.00000000000000
173.00000000000000
172.00000000000000
172.00000000000000
173.75000000000000
173.75000000000000
174.25000000000000
174.25000000000000
174.50000000000000
174.50000000000000
175.00000000000000
175.00000000000000
176.00000000000000
176.00000000000000
175.75000000000000
175.75000000000000
176.00000000000000
176.00000000000000
176.25000000000000
176.25000000000000
174.75000000000000
174.75000000000000
174.75000000000000
174.75000000000000
174.75000000000000
174.75000000000000
174.75000000000000
174.75000000000000
174.75000000000000
176.00000000000000
176.00000000000000
176.75000000000000
176.75000000000000
176.00000000000000
176.00000000000000
176.50000000000000
176.50000000000000
176.75000000000000
176.75000000000000
176.50000000000000
176.50000000000000
176.75000000000000
176.75000000000000
176.50000000000000
176.25000000000000
176.25000000000000
175.50000000000000
175.50000000000000
175.50000000000000
175.50000000000000
175.50000000000000
175.50000000000000
175.75000000000000
175.75000000000000
175.25000000000000
175.25000000000000
175.25000000000000
175.25000000000000
175.25000000000000
175.25000000000000
175.50000000000000
175.50000000000000
174.75000000000000
174.00000000000000
174.00000000000000
174.00000000000000
173.50000000000000
173.50000000000000
173.50000000000000
173.50000000000000
173.75000000000000
173.75000000000000
174.75000000000000
174.75000000000000
172.75000000000000
172.75000000000000
173.00000000000000
173.75000000000000
173.75000000000000
174.50000000000000
174.50000000000000
174.50000000000000
174.75000000000000
174.75000000000000
174.75000000000000
172.50000000000000
172.50000000000000
171.50000000000000
171.50000000000000
171.50000000000000
171.00000000000000
171.00000000000000
165.25000000000000
165.25000000000000
164.00000000000000
164.00000000000000
163.75000000000000
163.75000000000000
163.75000000000000
163.75000000000000
163.75000000000000
163.75000000000000
172.00000000000000
172.00000000000000
170.25000000000000
170.25000000000000
170.25000000000000
172.50000000000000
172.50000000000000
172.50000000000000
172.75000000000000
172.75000000000000
172.50000000000000
172.50000000000000
174.00000000000000
174.00000000000000
174.25000000000000
174.25000000000000
174.25000000000000
174.25000000000000
175.00000000000000
174.75000000000000
174.75000000000000
174.75000000000000
176.00000000000000
176.25000000000000
176.25000000000000
175.75000000000000
175.75000000000000
175.75000000000000
175.75000000000000
175.75000000000000
175.75000000000000
175.75000000000000
176.25000000000000
176.25000000000000
174.00000000000000
174.00000000000000
172.75000000000000
172.75000000000000
173.75000000000000
172.25000000000000
172.25000000000000
171.00000000000000
171.00000000000000
172.00000000000000
172.00000000000000
172.25000000000000
172.25000000000000
171.75000000000000
171.75000000000000
172.00000000000000
172.00000000000000
172.50000000000000
172.50000000000000
172.75000000000000
172.75000000000000
170.50000000000000
170.50000000000000
171.25000000000000
171.25000000000000
171.25000000000000
170.75000000000000
170.50000000000000
170.50000000000000
170.50000000000000
170.50000000000000
170.50000000000000
170.50000000000000
170.50000000000000
170.50000000000000
174.00000000000000
174.00000000000000
174.00000000000000
174.00000000000000
174.75000000000000
174.75000000000000
175.00000000000000
175.00000000000000
175.25000000000000
175.25000000000000
175.50000000000000
175.75000000000000
175.75000000000000
174.75000000000000
174.75000000000000
174.25000000000000
174.25000000000000
173.75000000000000
173.75000000000000
174.00000000000000
174.00000000000000
174.50000000000000
175.25000000000000
175.25000000000000
175.75000000000000
175.75000000000000
174.00000000000000
174.00000000000000
172.75000000000000
172.75000000000000
172.75000000000000
175.00000000000000
177.50000000000000
177.50000000000000
177.50000000000000
176.00000000000000
176.00000000000000
175.50000000000000
175.50000000000000
176.50000000000000
176.50000000000000
175.50000000000000
175.50000000000000
175.25000000000000
175.25000000000000
176.50000000000000
176.50000000000000
176.50000000000000
176.50000000000000
175.25000000000000
175.25000000000000
176.25000000000000
176.25000000000000
176.25000000000000
176.25000000000000
177.00000000000000
177.00000000000000
176.00000000000000
176.00000000000000
176.00000000000000
175.75000000000000
175.75000000000000
175.75000000000000
176.25000000000000
176.25000000000000
176.25000000000000
176.25000000000000
175.75000000000000
175.75000000000000
176.50000000000000
176.50000000000000
176.50000000000000
176.50000000000000
177.25000000000000
178.00000000000000
178.00000000000000
178.25000000000000
178.25000000000000
178.50000000000000
178.50000000000000
174.25000000000000
174.25000000000000
173.00000000000000
173.00000000000000
178.25000000000000
178.25000000000000
180.00000000000000
180.00000000000000
180.00000000000000
180.00000000000000
178.75000000000000
178.75000000000000
178.75000000000000
178.75000000000000
178.75000000000000
182.50000000000000
182.50000000000000
181.25000000000000
181.25000000000000
179.75000000000000
179.75000000000000
179.25000000000000
178.25000000000000
178.25000000000000
178.25000000000000
179.75000000000000
178.25000000000000
178.25000000000000
178.25000000000000
178.25000000000000
178.25000000000000
178.25000000000000
177.00000000000000
177.00000000000000
177.50000000000000
177.50000000000000
178.50000000000000
178.50000000000000
178.75000000000000
178.75000000000000
178.00000000000000
178.00000000000000
178.00000000000000
178.25000000000000
178.25000000000000
178.25000000000000
179.25000000000000
180.25000000000000
180.25000000000000
180.25000000000000
180.25000000000000
180.75000000000000
180.75000000000000
179.50000000000000
179.50000000000000
179.25000000000000
179.25000000000000
179.25000000000000
179.25000000000000
179.25000000000000
179.25000000000000
176.25000000000000
176.25000000000000
177.25000000000000
177.25000000000000
178.50000000000000
178.50000000000000
178.75000000000000
178.75000000000000
180.00000000000000
180.00000000000000
180.00000000000000
180.00000000000000
180.75000000000000
180.75000000000000
181.50000000000000
181.50000000000000
182.50000000000000
181.75000000000000
181.75000000000000
181.50000000000000
181.50000000000000
180.75000000000000
180.75000000000000
181.75000000000000
181.75000000000000
182.75000000000000
182.75000000000000
183.00000000000000
183.00000000000000
183.25000000000000
183.25000000000000
182.25000000000000
182.25000000000000
181.75000000000000
181.75000000000000
180.50000000000000
180.50000000000000
180.50000000000000
180.50000000000000
179.50000000000000
179.50000000000000
178.75000000000000
179.00000000000000
179.00000000000000
180.25000000000000
180.25000000000000
180.25000000000000
180.25000000000000
180.75000000000000
180.75000000000000
181.50000000000000
182.25000000000000
182.25000000000000
182.00000000000000
182.00000000000000
181.00000000000000
182.00000000000000
182.00000000000000
181.50000000000000
181.50000000000000
181.00000000000000
181.00000000000000
180.25000000000000
180.25000000000000
179.50000000000000
179.50000000000000
179.50000000000000
179.50000000000000
179.50000000000000
179.75000000000000
179.75000000000000
182.50000000000000
182.50000000000000
181.75000000000000
181.75000000000000
181.50000000000000
181.50000000000000
181.50000000000000
181.50000000000000
180.75000000000000
180.75000000000000
180.75000000000000
180.75000000000000
181.00000000000000
181.25000000000000
181.25000000000000
180.25000000000000
180.25000000000000
180.00000000000000
180.00000000000000
180.00000000000000
180.00000000000000
180.00000000000000
180.75000000000000
180.75000000000000
179.75000000000000
179.75000000000000
179.75000000000000
179.75000000000000
179.75000000000000
180.25000000000000
180.25000000000000
179.50000000000000
179.50000000000000
178.50000000000000
178.50000000000000
179.25000000000000
179.25000000000000
179.50000000000000
178.50000000000000
178.50000000000000
178.25000000000000
178.25000000000000
179.50000000000000
179.50000000000000
178.50000000000000
178.50000000000000
179.25000000000000
179.25000000000000
178.50000000000000
178.50000000000000
179.25000000000000
179.75000000000000
179.75000000000000
179.75000000000000
179.75000000000000
177.75000000000000
177.75000000000000
176.00000000000000
176.00000000000000
177.00000000000000
177.00000000000000
175.50000000000000
175.50000000000000
179.25000000000000
179.25000000000000
182.25000000000000
182.25000000000000
182.50000000000000
180.50000000000000
180.50000000000000
178.75000000000000
178.75000000000000
178.25000000000000
178.25000000000000
177.75000000000000
177.75000000000000
176.50000000000000
176.50000000000000
175.75000000000000
175.75000000000000
176.50000000000000
176.50000000000000
176.50000000000000
176.50000000000000
176.50000000000000
176.50000000000000
177.00000000000000
177.00000000000000
178.50000000000000
178.50000000000000
178.00000000000000
178.00000000000000
178.00000000000000
177.50000000000000
177.50000000000000
178.25000000000000
178.25000000000000
180.50000000000000
180.50000000000000
176.75000000000000
176.75000000000000
177.00000000000000
177.00000000000000
178.25000000000000
178.25000000000000
177.75000000000000
178.00000000000000
178.00000000000000
178.75000000000000
178.75000000000000
179.75000000000000
179.75000000000000
179.75000000000000
179.75000000000000
179.75000000000000
179.75000000000000
179.75000000000000
179.75000000000000
179.75000000000000
179.75000000000000
179.75000000000000
179.50000000000000
179.50000000000000
177.25000000000000
177.25000000000000
176.50000000000000
176.50000000000000
177.50000000000000
177.50000000000000
177.25000000000000
180.25000000000000
180.25000000000000
182.25000000000000
182.25000000000000
182.50000000000000
182.75000000000000
182.75000000000000
181.00000000000000
181.00000000000000
180.75000000000000
180.75000000000000
180.75000000000000
180.75000000000000
180.75000000000000
180.75000000000000
180.00000000000000
180.00000000000000
181.00000000000000
181.00000000000000
180.50000000000000
178.75000000000000
178.75000000000000
179.50000000000000
179.50000000000000
178.50000000000000
178.50000000000000
178.75000000000000
178.75000000000000
179.00000000000000
179.00000000000000
180.50000000000000
180.50000000000000
179.75000000000000
179.75000000000000
179.50000000000000
179.50000000000000
179.50000000000000
179.50000000000000
179.00000000000000
179.00000000000000
179.00000000000000
179.00000000000000
180.00000000000000
180.00000000000000
181.50000000000000
181.50000000000000
181.75000000000000
181.75000000000000
181.75000000000000
181.50000000000000
181.50000000000000
182.75000000000000
182.75000000000000
182.00000000000000
182.00000000000000
181.25000000000000
181.25000000000000
183.25000000000000
183.25000000000000
183.25000000000000
183.25000000000000
182.50000000000000
182.50000000000000
181.50000000000000
181.25000000000000
181.25000000000000
180.00000000000000
180.00000000000000
180.25000000000000
180.25000000000000
179.00000000000000
179.00000000000000
179.25000000000000
179.25000000000000
177.25000000000000
177.25000000000000
175.75000000000000
175.75000000000000
175.00000000000000
175.00000000000000
171.75000000000000
171.75000000000000
173.00000000000000
173.00000000000000
174.50000000000000
174.50000000000000
175.75000000000000
175.75000000000000
175.50000000000000
175.50000000000000
173.50000000000000
173.50000000000000
175.00000000000000
175.00000000000000
175.25000000000000
175.25000000000000
177.75000000000000
177.75000000000000
177.00000000000000
177.00000000000000
176.75000000000000
176.75000000000000
176.75000000000000
176.75000000000000
176.00000000000000
176.00000000000000
176.00000000000000
176.00000000000000
176.50000000000000
176.50000000000000
176.50000000000000
176.50000000000000
176.50000000000000
176.50000000000000
176.50000000000000
176.50000000000000
176.75000000000000
176.75000000000000
177.00000000000000
176.75000000000000
176.75000000000000
176.75000000000000
176.75000000000000
178.25000000000000
178.25000000000000
177.75000000000000
177.75000000000000
177.75000000000000
177.50000000000000
177.50000000000000
178.50000000000000
178.00000000000000
178.00000000000000
178.25000000000000
178.25000000000000
177.50000000000000
177.50000000000000
174.75000000000000
174.75000000000000
173.25000000000000
173.25000000000000
174.50000000000000
174.50000000000000
175.00000000000000
174.00000000000000
174.00000000000000
173.50000000000000
173.50000000000000
174.25000000000000
174.25000000000000
174.00000000000000
174.00000000000000
173.75000000000000
173.75000000000000
174.00000000000000
174.00000000000000
174.00000000000000
174.00000000000000
174.50000000000000
174.50000000000000
175.25000000000000
175.25000000000000
175.50000000000000
175.50000000000000
176.00000000000000
176.00000000000000
175.50000000000000
175.50000000000000
174.75000000000000
174.75000000000000
175.00000000000000
175.00000000000000
175.50000000000000
175.50000000000000
174.75000000000000
174.75000000000000
175.25000000000000
175.25000000000000
175.00000000000000
174.25000000000000
174.25000000000000
175.25000000000000
175.25000000000000
175.50000000000000
175.50000000000000
176.00000000000000
176.00000000000000
176.00000000000000
176.00000000000000
174.25000000000000
174.50000000000000
174.50000000000000
176.50000000000000
176.50000000000000
176.25000000000000
176.25000000000000
175.75000000000000
175.75000000000000
175.00000000000000
175.00000000000000
176.00000000000000
175.75000000000000
175.75000000000000
178.25000000000000
178.25000000000000
177.75000000000000
177.75000000000000
176.00000000000000
176.00000000000000
177.00000000000000
177.00000000000000
177.50000000000000
177.50000000000000
177.75000000000000
177.75000000000000
178.25000000000000
177.00000000000000
177.00000000000000
177.25000000000000
177.25000000000000
177.25000000000000
177.25000000000000
177.00000000000000
177.00000000000000
179.25000000000000
179.25000000000000
180.00000000000000
180.00000000000000
179.25000000000000
179.25000000000000
179.25000000000000
179.25000000000000
179.25000000000000
179.25000000000000
179.25000000000000
178.75000000000000
178.75000000000000
178.75000000000000
178.75000000000000
178.00000000000000
178.00000000000000
178.50000000000000
178.50000000000000
179.75000000000000
179.75000000000000
179.25000000000000
179.25000000000000
178.00000000000000
178.00000000000000
176.25000000000000
176.25000000000000
176.50000000000000
177.75000000000000
177.75000000000000
178.25000000000000
178.25000000000000
175.75000000000000
175.75000000000000
176.25000000000000
176.25000000000000
178.50000000000000
178.50000000000000
178.50000000000000
178.50000000000000
178.50000000000000
178.50000000000000
179.25000000000000
179.25000000000000
179.25000000000000
179.25000000000000
178.75000000000000
178.75000000000000
178.75000000000000
178.75000000000000
179.00000000000000
179.75000000000000
179.75000000000000
180.50000000000000
180.50000000000000
181.25000000000000
181.25000000000000
181.50000000000000
181.50000000000000
181.50000000000000
181.75000000000000
181.75000000000000
181.00000000000000
181.00000000000000
181.25000000000000
182.25000000000000
182.25000000000000
181.75000000000000
181.75000000000000
181.25000000000000
181.25000000000000
180.75000000000000
180.75000000000000
180.00000000000000
180.00000000000000
180.00000000000000
180.00000000000000
180.00000000000000
180.00000000000000
182.75000000000000
183.25000000000000
183.25000000000000
185.25000000000000
185.25000000000000
184.25000000000000
184.25000000000000
182.75000000000000
182.75000000000000
183.00000000000000
183.00000000000000
184.00000000000000
184.00000000000000
184.25000000000000
184.25000000000000
183.50000000000000
183.50000000000000
181.75000000000000
181.75000000000000
181.25000000000000
181.25000000000000
183.00000000000000
183.00000000000000
184.00000000000000
184.00000000000000
183.25000000000000
184.75000000000000
184.75000000000000
184.25000000000000
184.25000000000000
183.00000000000000
183.00000000000000
183.75000000000000
183.75000000000000
183.25000000000000
183.25000000000000
183.00000000000000
183.00000000000000
183.25000000000000
183.50000000000000
183.50000000000000
183.50000000000000
183.25000000000000
183.50000000000000
183.50000000000000
183.00000000000000
183.00000000000000
182.75000000000000
182.75000000000000
183.00000000000000
183.00000000000000
183.00000000000000
183.00000000000000
181.50000000000000
181.25000000000000
181.25000000000000
181.25000000000000
181.25000000000000
182.50000000000000
182.50000000000000
183.00000000000000
183.00000000000000
183.75000000000000
183.75000000000000
184.25000000000000
184.75000000000000
184.75000000000000
183.50000000000000
183.50000000000000
182.25000000000000
182.25000000000000
181.75000000000000
181.75000000000000
181.25000000000000
181.25000000000000
181.00000000000000
181.00000000000000
181.75000000000000
181.75000000000000
180.00000000000000
180.00000000000000
180.75000000000000
180.75000000000000
180.25000000000000
180.25000000000000
179.50000000000000
179.50000000000000
178.50000000000000
178.50000000000000
178.25000000000000
178.25000000000000
178.25000000000000
178.25000000000000
179.00000000000000
179.00000000000000
178.75000000000000
178.75000000000000
178.00000000000000
178.00000000000000
178.00000000000000
178.25000000000000
178.25000000000000
178.25000000000000
178.25000000000000
178.50000000000000
178.50000000000000
178.25000000000000
178.25000000000000
178.25000000000000
178.25000000000000
176.75000000000000
176.75000000000000
175.25000000000000
175.00000000000000
175.00000000000000
175.00000000000000
174.75000000000000
174.75000000000000
175.25000000000000
175.25000000000000
175.50000000000000
175.50000000000000
175.50000000000000
175.00000000000000
175.00000000000000
175.00000000000000
175.00000000000000
175.25000000000000
174.75000000000000
174.75000000000000
174.50000000000000
174.50000000000000
174.25000000000000
174.25000000000000
172.75000000000000
172.75000000000000
171.50000000000000
171.50000000000000
171.50000000000000
171.50000000000000
171.50000000000000
171.50000000000000
171.50000000000000
171.50000000000000
171.50000000000000
171.50000000000000
174.25000000000000
174.25000000000000
174.75000000000000
174.75000000000000
175.00000000000000
175.00000000000000
175.00000000000000
175.00000000000000
175.00000000000000
175.00000000000000
175.00000000000000
175.05000000000001
175.09999999999999
175.15000000000001
175.19999999999999
175.25000000000000
175.30000000000001
175.34999999999999
175.40000000000001
175.44999999999999
175.50000000000000
177.25000000000000
177.25000000000000
175.75000000000000
175.75000000000000
175.75000000000000
175.75000000000000
175.25000000000000
175.25000000000000
175.50000000000000
175.50000000000000
175.50000000000000
175.50000000000000
175.50000000000000
175.50000000000000
175.50000000000000
172.25000000000000
172.25000000000000
170.00000000000000
170.00000000000000
169.25000000000000
169.25000000000000
169.00000000000000
169.00000000000000
169.36111111111111
169.72222222222223
170.08333333333334
170.44444444444446
170.80555555555554
171.16666666666666
171.52777777777777
171.88888888888889
172.25000000000000
172.25000000000000
173.25000000000000
173.25000000000000
173.00000000000000
173.00000000000000
170.50000000000000
170.50000000000000
170.75000000000000
170.75000000000000
171.00000000000000
171.00000000000000
172.75000000000000
172.75000000000000
173.25000000000000
173.25000000000000
170.50000000000000
170.50000000000000
170.75000000000000
170.75000000000000
171.25000000000000
171.25000000000000
171.25000000000000
169.25000000000000
169.25000000000000
169.25000000000000
169.25000000000000
168.50000000000000
168.50000000000000
166.50000000000000
166.50000000000000
167.25000000000000
167.25000000000000
168.75000000000000
168.75000000000000
168.75000000000000
168.75000000000000
169.00000000000000
169.00000000000000
169.00000000000000
169.00000000000000
169.00000000000000
169.00000000000000
170.00000000000000
170.00000000000000
170.00000000000000
170.00000000000000
170.00000000000000
170.00000000000000
172.25000000000000
172.25000000000000
173.00000000000000
173.00000000000000
173.00000000000000
170.50000000000000
170.50000000000000
170.50000000000000
170.00000000000000
169.25000000000000
169.25000000000000
169.75000000000000
169.75000000000000
171.25000000000000
171.25000000000000
170.00000000000000
170.00000000000000
170.00000000000000
170.00000000000000
170.50000000000000
170.50000000000000
171.75000000000000
171.75000000000000
172.25000000000000
172.25000000000000
172.00000000000000
172.00000000000000
172.25000000000000
172.25000000000000
171.75000000000000
171.75000000000000
172.50000000000000
172.50000000000000
174.25000000000000
174.25000000000000
173.50000000000000
173.50000000000000
173.75000000000000
173.75000000000000
173.75000000000000
173.75000000000000
174.00000000000000
174.00000000000000
174.50000000000000
174.50000000000000
174.75000000000000
174.75000000000000
174.75000000000000
174.75000000000000
174.75000000000000
174.75000000000000
175.00000000000000
175.00000000000000
175.25000000000000
175.25000000000000
175.25000000000000
175.25000000000000
179.25000000000000
179.25000000000000
178.00000000000000
178.00000000000000
177.00000000000000
177.00000000000000
177.00000000000000
177.00000000000000
176.50000000000000
176.75000000000000
176.75000000000000
178.25000000000000
178.25000000000000
178.25000000000000
178.25000000000000
178.75000000000000
178.75000000000000
179.50000000000000
179.50000000000000
180.00000000000000
180.00000000000000
180.25000000000000
180.25000000000000
180.75000000000000
180.75000000000000
180.25000000000000
180.25000000000000
179.50000000000000
179.50000000000000
181.25000000000000
181.25000000000000
183.50000000000000
183.50000000000000
183.00000000000000
183.00000000000000
183.00000000000000
182.50000000000000
182.50000000000000
182.75000000000000
182.75000000000000
182.00000000000000
182.00000000000000
182.75000000000000
182.75000000000000
184.75000000000000
184.75000000000000
185.50000000000000
185.50000000000000
183.75000000000000
183.25000000000000
183.25000000000000
183.25000000000000
184.00000000000000
184.25000000000000
184.25000000000000
183.75000000000000
183.75000000000000
184.50000000000000
184.50000000000000
184.50000000000000
184.50000000000000
183.75000000000000
183.75000000000000
185.50000000000000
185.50000000000000
188.00000000000000
188.00000000000000
186.75000000000000
185.50000000000000
185.50000000000000
186.75000000000000
186.75000000000000
187.00000000000000
186.50000000000000
186.50000000000000
186.75000000000000
186.75000000000000
184.75000000000000
184.75000000000000
186.50000000000000
186.50000000000000
186.50000000000000
186.50000000000000
186.75000000000000
186.75000000000000
188.25000000000000
188.25000000000000
188.25000000000000
188.25000000000000
188.25000000000000
187.50000000000000
187.50000000000000
187.50000000000000
187.50000000000000
187.25000000000000
187.25000000000000
185.25000000000000
185.25000000000000
186.25000000000000
186.25000000000000
186.25000000000000
185.50000000000000
185.50000000000000
183.75000000000000
181.50000000000000
181.50000000000000
179.75000000000000
179.75000000000000
177.75000000000000
177.75000000000000
179.50000000000000
179.50000000000000
177.75000000000000
177.75000000000000
176.25000000000000
176.25000000000000
174.50000000000000
174.50000000000000
172.25000000000000
172.25000000000000
172.25000000000000
172.25000000000000
172.25000000000000
174.00000000000000
174.00000000000000
173.50000000000000
173.50000000000000
169.75000000000000
169.75000000000000
169.75000000000000
174.25000000000000
174.25000000000000
177.00000000000000
177.00000000000000
179.75000000000000
179.75000000000000
180.75000000000000
180.75000000000000
180.75000000000000
180.75000000000000
182.00000000000000
181.00000000000000
181.00000000000000
180.50000000000000
180.50000000000000
171.25000000000000
171.25000000000000
168.25000000000000
168.25000000000000
166.50000000000000
166.50000000000000
166.75000000000000
166.75000000000000
166.50000000000000
166.50000000000000
172.75000000000000
172.75000000000000
173.50000000000000
173.50000000000000
174.00000000000000
174.00000000000000
175.50000000000000
175.50000000000000
176.50000000000000
176.50000000000000
180.75000000000000
180.75000000000000
183.25000000000000
183.25000000000000
183.25000000000000
186.75000000000000
187.00000000000000
187.00000000000000
187.00000000000000
187.00000000000000
187.00000000000000
186.25000000000000
186.25000000000000
186.50000000000000
186.50000000000000
187.50000000000000
187.50000000000000
187.25000000000000
187.25000000000000
187.25000000000000
187.50000000000000
187.50000000000000
187.75000000000000
187.75000000000000
188.00000000000000
188.00000000000000
187.25000000000000
187.25000000000000
187.50000000000000
187.75000000000000
187.75000000000000
188.50000000000000
188.50000000000000
188.00000000000000
188.00000000000000
187.75000000000000
187.75000000000000
188.00000000000000
188.00000000000000
188.00000000000000
187.75000000000000
187.75000000000000
187.75000000000000
187.75000000000000
186.75000000000000
186.75000000000000
183.25000000000000
183.25000000000000
178.75000000000000
178.75000000000000
177.00000000000000
177.00000000000000
178.50000000000000
178.50000000000000
181.50000000000000
181.50000000000000
182.75000000000000
182.75000000000000
183.50000000000000
183.50000000000000
183.00000000000000
182.50000000000000
182.50000000000000
183.25000000000000
183.25000000000000
183.00000000000000
183.00000000000000
182.25000000000000
182.25000000000000
183.75000000000000
183.75000000000000
183.75000000000000
183.75000000000000
182.25000000000000
182.25000000000000
182.50000000000000
182.50000000000000
184.50000000000000
185.25000000000000
185.25000000000000
186.50000000000000
186.50000000000000
187.75000000000000
187.75000000000000
187.75000000000000
187.75000000000000
188.50000000000000
188.50000000000000
186.00000000000000
186.00000000000000
186.00000000000000
186.00000000000000
186.00000000000000
186.00000000000000
186.00000000000000
186.00000000000000
186.25000000000000
186.25000000000000
185.75000000000000
185.75000000000000
186.50000000000000
186.50000000000000
187.25000000000000
187.25000000000000
187.50000000000000
187.25000000000000
187.25000000000000
186.25000000000000
186.25000000000000
187.00000000000000
187.00000000000000
186.50000000000000
186.50000000000000
183.75000000000000
185.25000000000000
185.25000000000000
184.00000000000000
184.00000000000000
182.75000000000000
182.75000000000000
184.00000000000000
184.00000000000000
190.00000000000000
190.00000000000000
188.00000000000000
188.00000000000000
185.75000000000000
185.75000000000000
183.00000000000000
183.00000000000000
184.00000000000000
184.00000000000000
181.75000000000000
181.75000000000000
180.75000000000000
180.75000000000000
180.75000000000000
179.50000000000000
174.50000000000000
174.50000000000000
174.50000000000000
169.50000000000000
166.25000000000000
166.25000000000000
166.25000000000000
162.00000000000000
162.00000000000000
161.00000000000000
161.00000000000000
159.75000000000000
159.75000000000000
159.75000000000000
159.75000000000000
159.75000000000000
160.50000000000000
160.50000000000000
160.25000000000000
157.50000000000000
157.50000000000000
157.50000000000000
156.75000000000000
156.75000000000000
156.75000000000000
156.75000000000000
158.00000000000000
158.00000000000000
158.00000000000000
156.25000000000000
156.75000000000000
156.75000000000000
157.25000000000000
158.50000000000000
158.50000000000000
160.00000000000000
160.00000000000000
160.00000000000000
160.75000000000000
160.75000000000000
159.50000000000000
159.50000000000000
160.75000000000000
159.00000000000000
159.00000000000000
158.50000000000000
158.50000000000000
156.50000000000000
155.75000000000000
155.75000000000000
154.50000000000000
153.75000000000000
153.75000000000000
152.50000000000000
152.50000000000000
152.50000000000000
153.50000000000000
153.50000000000000
153.25000000000000
153.25000000000000
153.25000000000000
155.25000000000000
157.00000000000000
157.00000000000000
158.50000000000000
159.50000000000000
159.50000000000000
159.50000000000000
156.25000000000000
156.25000000000000
155.00000000000000
155.00000000000000
155.00000000000000
154.50000000000000
155.00000000000000
155.00000000000000
155.00000000000000
155.25000000000000
155.25000000000000
152.75000000000000
152.75000000000000
152.75000000000000
151.00000000000000
148.75000000000000
148.75000000000000
146.00000000000000
147.75000000000000
147.75000000000000
147.75000000000000
149.50000000000000
149.50000000000000
149.50000000000000
145.75000000000000
145.75000000000000
145.25000000000000
145.25000000000000
145.00000000000000
145.00000000000000
145.00000000000000
135.00000000000000
135.00000000000000
134.75000000000000
134.75000000000000
135.25000000000000
137.25000000000000
137.25000000000000
138.00000000000000
138.00000000000000
138.00000000000000
138.50000000000000
138.50000000000000
142.75000000000000
142.75000000000000
144.00000000000000
145.00000000000000
145.00000000000000
146.50000000000000
146.50000000000000
147.75000000000000
149.00000000000000
149.00000000000000
148.25000000000000
148.25000000000000
148.00000000000000
148.00000000000000
148.00000000000000
149.25000000000000
150.00000000000000
150.00000000000000
148.50000000000000
148.50000000000000
148.50000000000000
147.75000000000000
147.75000000000000
146.25000000000000
146.25000000000000
144.75000000000000
144.75000000000000
145.50000000000000
145.50000000000000
145.50000000000000
149.00000000000000
149.00000000000000
149.75000000000000
149.75000000000000
149.25000000000000
149.25000000000000
149.25000000000000
149.25000000000000
149.25000000000000
149.50000000000000
149.50000000000000
149.75000000000000
149.00000000000000
149.00000000000000
148.25000000000000
147.25000000000000
147.25000000000000
146.75000000000000
146.75000000000000
147.50000000000000
146.50000000000000
146.50000000000000
145.25000000000000
145.25000000000000
146.00000000000000
146.00000000000000
147.00000000000000
147.00000000000000
147.50000000000000
147.50000000000000
147.50000000000000
147.50000000000000
146.00000000000000
146.00000000000000
146.00000000000000
146.00000000000000
146.00000000000000
144.00000000000000
145.00000000000000
145.00000000000000
145.00000000000000
148.00000000000000
147.50000000000000
147.50000000000000
143.25000000000000
143.25000000000000
142.00000000000000
142.00000000000000
141.50000000000000
142.50000000000000
142.50000000000000
143.75000000000000
143.75000000000000
144.00000000000000
144.00000000000000
144.00000000000000
144.00000000000000
144.00000000000000
144.00000000000000
147.25000000000000
147.25000000000000
147.25000000000000
147.25000000000000
147.25000000000000
147.25000000000000
147.25000000000000
147.00000000000000
145.75000000000000
145.75000000000000
144.50000000000000
144.50000000000000
144.50000000000000
144.50000000000000
143.00000000000000
143.00000000000000
143.00000000000000
143.00000000000000
143.00000000000000
141.75000000000000
141.75000000000000
141.00000000000000
141.00000000000000
141.00000000000000
141.00000000000000
141.00000000000000
141.00000000000000
141.00000000000000
141.00000000000000
141.00000000000000
140.90909090909091
140.81818181818181
140.72727272727272
140.63636363636363
140.54545454545453
140.45454545454547
140.36363636363637
140.27272727272728
140.18181818181819
140.09090909090909
140.00000000000000
140.00000000000000
139.25000000000000
139.25000000000000
137.25000000000000
137.25000000000000
137.25000000000000
138.00000000000000
138.00000000000000
138.00000000000000
139.50000000000000
139.50000000000000
139.50000000000000
140.50000000000000
140.50000000000000
139.00000000000000
139.00000000000000
141.00000000000000
142.50000000000000
142.50000000000000
142.50000000000000
142.00000000000000
142.00000000000000
144.75000000000000
144.75000000000000
144.25000000000000
144.25000000000000
141.50000000000000
141.50000000000000
141.25000000000000
141.25000000000000
145.75000000000000
148.25000000000000
148.25000000000000
149.75000000000000
149.75000000000000
148.25000000000000
148.00000000000000
148.00000000000000
148.00000000000000
147.75000000000000
147.75000000000000
143.25000000000000
143.25000000000000
141.00000000000000
141.00000000000000
141.50000000000000
141.50000000000000
141.75000000000000
140.75000000000000
140.75000000000000
141.00000000000000
141.00000000000000
141.00000000000000
141.00000000000000
141.00000000000000
141.00000000000000
141.00000000000000
141.00000000000000
145.00000000000000
145.00000000000000
146.25000000000000
146.25000000000000
146.25000000000000
146.25000000000000
147.25000000000000
147.25000000000000
146.25000000000000
146.75000000000000
146.75000000000000
147.75000000000000
147.75000000000000
149.25000000000000
151.25000000000000
151.25000000000000
151.75000000000000
152.00000000000000
152.00000000000000
151.50000000000000
151.50000000000000
151.25000000000000
151.25000000000000
151.25000000000000
151.50000000000000
151.50000000000000
151.50000000000000
151.50000000000000
151.00000000000000
149.25000000000000
149.25000000000000
149.25000000000000
148.25000000000000
149.50000000000000
149.50000000000000
150.00000000000000
150.00000000000000
150.25000000000000
150.50000000000000
150.50000000000000
151.50000000000000
151.25000000000000
151.25000000000000
150.25000000000000
150.75000000000000
150.75000000000000
150.25000000000000
150.25000000000000
151.75000000000000
151.75000000000000
156.25000000000000
156.25000000000000
158.50000000000000
158.50000000000000
160.50000000000000
156.25000000000000
156.25000000000000
152.25000000000000
150.75000000000000
150.75000000000000
150.25000000000000
150.25000000000000
150.75000000000000
152.25000000000000
152.25000000000000
153.50000000000000
153.50000000000000
155.00000000000000
155.00000000000000
155.00000000000000
155.00000000000000
156.50000000000000
158.50000000000000
158.50000000000000
160.00000000000000
160.00000000000000
161.50000000000000
161.50000000000000
161.25000000000000
161.25000000000000
160.75000000000000
160.50000000000000
160.50000000000000
161.25000000000000
161.25000000000000
163.50000000000000
163.50000000000000
163.50000000000000
163.50000000000000
163.00000000000000
163.00000000000000
163.00000000000000
156.50000000000000
156.50000000000000
153.75000000000000
153.75000000000000
152.00000000000000
146.50000000000000
146.50000000000000
147.50000000000000
147.50000000000000
148.25000000000000
148.50000000000000
148.50000000000000
148.50000000000000
150.50000000000000
151.25000000000000
151.25000000000000
156.00000000000000
156.00000000000000
160.75000000000000
160.75000000000000
162.00000000000000
162.00000000000000
158.00000000000000
158.00000000000000
157.00000000000000
157.00000000000000
162.75000000000000
162.75000000000000
166.25000000000000
166.25000000000000
165.00000000000000
165.00000000000000
165.00000000000000
164.00000000000000
164.00000000000000
164.00000000000000
165.75000000000000
165.75000000000000
167.75000000000000
167.75000000000000
167.75000000000000
168.50000000000000
168.50000000000000
168.75000000000000
168.25000000000000
168.25000000000000
168.25000000000000
168.25000000000000
168.25000000000000
168.50000000000000
169.50000000000000
169.50000000000000
169.75000000000000
169.75000000000000
171.00000000000000
171.00000000000000
172.25000000000000
172.25000000000000
172.00000000000000
172.00000000000000
172.00000000000000
168.50000000000000
164.00000000000000
164.00000000000000
158.00000000000000
158.00000000000000
157.00000000000000
157.00000000000000
148.50000000000000
148.50000000000000
147.50000000000000
148.00000000000000
148.00000000000000
148.50000000000000
148.50000000000000
150.25000000000000
151.25000000000000
151.25000000000000
152.50000000000000
152.50000000000000
154.50000000000000
154.50000000000000
162.75000000000000
162.75000000000000
167.75000000000000
167.75000000000000
170.50000000000000
170.50000000000000
170.50000000000000
171.25000000000000
169.50000000000000
169.50000000000000
171.00000000000000
171.00000000000000
173.00000000000000
173.00000000000000
174.00000000000000
174.00000000000000
174.50000000000000
174.50000000000000
175.00000000000000
175.00000000000000
175.25000000000000
175.25000000000000
175.75000000000000
175.75000000000000
175.75000000000000
175.75000000000000
175.75000000000000
175.75000000000000
176.00000000000000
176.00000000000000
176.75000000000000
176.75000000000000
176.00000000000000
176.00000000000000
176.00000000000000
177.00000000000000
177.00000000000000
176.00000000000000
176.00000000000000
176.00000000000000
176.00000000000000
176.00000000000000
176.00000000000000
175.50000000000000
175.50000000000000
173.75000000000000
173.75000000000000
173.75000000000000
173.75000000000000
172.50000000000000
172.50000000000000
172.50000000000000
172.50000000000000
172.50000000000000
172.50000000000000
173.50000000000000
173.50000000000000
173.50000000000000
173.50000000000000
173.00000000000000
173.00000000000000
173.00000000000000
173.00000000000000
173.25000000000000
173.25000000000000
173.75000000000000
174.75000000000000
174.75000000000000
176.00000000000000
176.00000000000000
177.25000000000000
177.25000000000000
177.25000000000000
177.25000000000000
173.50000000000000
173.50000000000000
165.25000000000000
165.25000000000000
166.50000000000000
166.50000000000000
167.50000000000000
167.50000000000000
167.75000000000000
167.75000000000000
168.25000000000000
168.25000000000000
169.75000000000000
169.75000000000000
171.00000000000000
171.00000000000000
171.75000000000000
171.75000000000000
173.00000000000000
173.00000000000000
173.50000000000000
173.50000000000000
173.50000000000000
173.50000000000000
174.25000000000000
174.25000000000000
174.25000000000000
174.25000000000000
174.75000000000000
174.75000000000000
175.50000000000000
175.50000000000000
175.50000000000000
175.50000000000000
176.25000000000000
176.50000000000000
176.50000000000000
177.00000000000000
177.00000000000000
177.25000000000000
177.25000000000000
177.75000000000000
178.00000000000000
178.00000000000000
178.00000000000000
178.00000000000000
173.75000000000000
173.75000000000000
169.50000000000000
169.50000000000000
167.50000000000000
167.50000000000000
167.50000000000000
168.25000000000000
168.25000000000000
168.00000000000000
168.00000000000000
167.00000000000000
167.00000000000000
170.75000000000000
171.75000000000000
171.75000000000000
172.25000000000000
172.25000000000000
174.75000000000000
174.75000000000000
175.00000000000000
175.00000000000000
176.00000000000000
176.00000000000000
176.00000000000000
176.75000000000000
177.00000000000000
177.00000000000000
177.00000000000000
177.00000000000000
177.25000000000000
177.25000000000000
177.50000000000000
177.50000000000000
177.75000000000000
177.75000000000000
178.00000000000000
178.00000000000000
178.25000000000000
178.25000000000000
178.25000000000000
178.25000000000000
178.25000000000000
178.75000000000000
178.75000000000000
179.00000000000000
179.00000000000000
179.00000000000000
179.00000000000000
179.25000000000000
179.25000000000000
179.25000000000000
179.25000000000000
179.00000000000000
179.00000000000000
178.75000000000000
178.75000000000000
178.25000000000000
178.25000000000000
177.50000000000000
177.50000000000000
177.50000000000000
177.50000000000000
177.50000000000000
177.25000000000000
177.25000000000000
177.25000000000000
177.25000000000000
176.25000000000000
176.25000000000000
175.75000000000000
175.75000000000000
177.50000000000000
177.50000000000000
176.50000000000000
176.50000000000000
176.50000000000000
176.50000000000000
177.00000000000000
177.00000000000000
177.50000000000000
177.50000000000000
178.25000000000000
178.25000000000000
178.75000000000000
178.75000000000000
178.75000000000000
178.75000000000000
179.75000000000000
179.75000000000000
179.00000000000000
179.00000000000000
177.75000000000000
177.75000000000000
177.50000000000000
177.50000000000000
180.00000000000000
180.00000000000000
179.25000000000000
179.25000000000000
178.50000000000000
178.50000000000000
178.25000000000000
178.25000000000000
177.25000000000000
177.25000000000000
177.25000000000000
177.25000000000000
177.00000000000000
177.00000000000000
176.75000000000000
176.75000000000000
176.75000000000000
176.75000000000000
177.00000000000000
177.00000000000000
175.50000000000000
175.50000000000000
174.00000000000000
176.50000000000000
176.50000000000000
178.00000000000000
178.00000000000000
178.50000000000000
178.50000000000000
178.50000000000000
178.75000000000000
179.75000000000000
179.75000000000000
180.00000000000000
180.00000000000000
180.50000000000000
180.50000000000000
180.50000000000000
180.50000000000000
180.75000000000000
180.75000000000000
181.00000000000000
181.00000000000000
181.00000000000000
181.00000000000000
181.00000000000000
181.00000000000000
180.25000000000000
180.00000000000000
180.00000000000000
180.50000000000000
180.50000000000000
180.50000000000000
180.50000000000000
180.75000000000000
180.75000000000000
181.00000000000000
181.00000000000000
181.00000000000000
181.00000000000000
181.25000000000000
181.25000000000000
181.25000000000000
181.25000000000000
184.00000000000000
184.00000000000000
182.75000000000000
182.75000000000000
182.50000000000000
182.50000000000000
182.75000000000000
182.75000000000000
182.75000000000000
182.75000000000000
183.00000000000000
183.00000000000000
183.00000000000000
183.00000000000000
182.25000000000000
181.75000000000000
181.75000000000000
181.75000000000000
181.75000000000000
181.50000000000000
181.50000000000000
181.50000000000000
181.50000000000000
181.75000000000000
182.50000000000000
182.50000000000000
183.00000000000000
183.00000000000000
182.25000000000000
182.25000000000000
182.00000000000000
182.00000000000000
181.25000000000000
181.25000000000000
181.50000000000000
181.50000000000000
182.50000000000000
182.50000000000000
182.75000000000000
182.75000000000000
182.25000000000000
182.25000000000000
181.00000000000000
181.00000000000000
180.75000000000000
180.75000000000000
180.75000000000000
180.75000000000000
180.75000000000000
181.00000000000000
181.00000000000000
181.50000000000000
181.50000000000000
180.75000000000000
180.75000000000000
180.75000000000000
180.75000000000000
181.75000000000000
181.75000000000000
182.00000000000000
182.00000000000000
181.25000000000000
181.25000000000000
181.50000000000000
181.25000000000000
181.25000000000000
181.75000000000000
181.75000000000000
180.00000000000000
180.00000000000000
179.75000000000000
179.75000000000000
178.25000000000000
178.25000000000000
179.50000000000000
179.50000000000000
180.00000000000000
180.00000000000000
180.25000000000000
180.25000000000000
180.75000000000000
180.75000000000000
181.00000000000000
181.00000000000000
181.50000000000000
181.50000000000000
181.50000000000000
181.25000000000000
181.25000000000000
181.50000000000000
181.50000000000000
181.50000000000000
181.50000000000000
181.00000000000000
182.00000000000000
182.00000000000000
183.00000000000000
183.00000000000000
181.75000000000000
181.75000000000000
181.75000000000000
181.75000000000000
180.50000000000000
180.50000000000000
180.00000000000000
180.00000000000000
181.00000000000000
181.00000000000000
181.25000000000000
181.25000000000000
180.50000000000000
180.50000000000000
180.50000000000000
180.50000000000000
180.00000000000000
180.00000000000000
181.50000000000000
181.50000000000000
181.75000000000000
181.75000000000000
181.50000000000000
181.50000000000000
180.00000000000000
181.00000000000000
181.00000000000000
181.50000000000000
181.50000000000000
181.50000000000000
181.50000000000000
181.50000000000000
181.50000000000000
181.50000000000000
181.75000000000000
181.75000000000000
182.00000000000000
182.00000000000000
182.00000000000000
182.00000000000000
182.75000000000000
182.75000000000000
181.00000000000000
181.00000000000000
180.75000000000000
180.75000000000000
186.75000000000000
184.50000000000000
184.50000000000000
183.75000000000000
183.75000000000000
182.75000000000000
182.75000000000000
183.75000000000000
183.75000000000000
182.00000000000000
182.00000000000000
182.50000000000000
181.75000000000000
181.75000000000000
180.50000000000000
180.50000000000000
181.00000000000000
181.00000000000000
184.00000000000000
184.00000000000000
183.75000000000000
183.75000000000000
181.75000000000000
181.75000000000000
181.75000000000000
181.75000000000000
180.00000000000000
180.00000000000000
182.25000000000000
182.75000000000000
182.75000000000000
183.00000000000000
183.00000000000000
182.50000000000000
182.25000000000000
182.25000000000000
181.75000000000000
181.75000000000000
181.75000000000000
181.75000000000000
182.50000000000000
182.50000000000000
181.75000000000000
181.25000000000000
181.25000000000000
179.75000000000000
179.75000000000000
183.75000000000000
183.75000000000000
182.75000000000000
182.75000000000000
181.00000000000000
181.00000000000000
180.50000000000000
180.50000000000000
180.50000000000000
180.50000000000000
181.25000000000000
182.25000000000000
182.25000000000000
183.00000000000000
183.00000000000000
182.50000000000000
182.50000000000000
182.75000000000000
182.75000000000000
184.00000000000000
184.00000000000000
184.00000000000000
183.25000000000000
183.25000000000000
182.50000000000000
182.50000000000000
182.75000000000000
182.75000000000000
183.75000000000000
183.75000000000000
184.75000000000000
184.75000000000000
184.00000000000000
184.00000000000000
183.75000000000000
183.75000000000000
182.75000000000000
182.75000000000000
182.75000000000000
183.00000000000000
183.00000000000000
183.00000000000000
183.00000000000000
182.50000000000000
182.50000000000000
183.00000000000000
183.00000000000000
183.25000000000000
183.25000000000000
183.50000000000000
183.50000000000000
183.50000000000000
183.50000000000000
183.50000000000000
183.50000000000000
185.75000000000000
183.50000000000000
183.50000000000000
182.50000000000000
182.50000000000000
184.25000000000000
184.25000000000000
184.25000000000000
184.25000000000000
183.50000000000000
183.50000000000000
183.50000000000000
183.50000000000000
182.50000000000000
182.50000000000000
182.75000000000000
182.75000000000000
184.25000000000000
184.25000000000000
183.50000000000000
183.50000000000000
183.25000000000000
186.75000000000000
186.75000000000000
186.50000000000000
186.50000000000000
184.75000000000000
184.75000000000000
184.00000000000000
184.00000000000000
183.75000000000000
183.75000000000000
183.50000000000000
183.50000000000000
183.75000000000000
183.75000000000000
184.00000000000000
184.00000000000000
184.00000000000000
183.75000000000000
183.75000000000000
184.00000000000000
184.00000000000000
183.50000000000000
183.50000000000000
183.50000000000000
183.50000000000000
183.50000000000000
183.50000000000000
183.50000000000000
183.50000000000000
182.75000000000000
184.25000000000000
184.25000000000000
183.50000000000000
183.50000000000000
183.25000000000000
183.25000000000000
182.00000000000000
182.25000000000000
182.25000000000000
179.75000000000000
179.75000000000000
180.75000000000000
180.75000000000000
181.00000000000000
181.00000000000000
181.75000000000000
182.00000000000000
182.00000000000000
182.50000000000000
182.50000000000000
182.25000000000000
182.25000000000000
182.25000000000000
182.25000000000000
183.00000000000000
183.00000000000000
183.00000000000000
183.00000000000000
183.75000000000000
183.75000000000000
183.50000000000000
183.50000000000000
184.00000000000000
184.00000000000000
184.00000000000000
183.75000000000000
183.75000000000000
182.50000000000000
182.50000000000000
182.50000000000000
182.00000000000000
182.00000000000000
182.00000000000000
182.00000000000000
182.00000000000000
182.00000000000000
182.25000000000000
182.25000000000000
183.00000000000000
183.00000000000000
183.75000000000000
183.75000000000000
183.75000000000000
183.25000000000000
183.25000000000000
182.25000000000000
182.25000000000000
182.75000000000000
182.75000000000000
183.00000000000000
183.00000000000000
183.25000000000000
183.25000000000000
182.50000000000000
182.50000000000000
183.00000000000000
183.00000000000000
183.00000000000000
183.00000000000000
181.25000000000000
181.25000000000000
181.25000000000000
182.75000000000000
182.75000000000000
181.50000000000000
181.50000000000000
181.50000000000000
181.00000000000000
181.00000000000000
181.75000000000000
181.75000000000000
182.00000000000000
182.00000000000000
181.50000000000000
181.75000000000000
181.75000000000000
181.50000000000000
181.50000000000000
180.75000000000000
180.75000000000000
180.50000000000000
180.50000000000000
180.50000000000000
180.50000000000000
180.50000000000000
179.00000000000000
179.00000000000000
179.75000000000000
179.75000000000000
179.00000000000000
179.75000000000000
179.75000000000000
180.75000000000000
180.75000000000000
179.50000000000000
179.50000000000000
178.50000000000000
178.50000000000000
179.75000000000000
179.75000000000000
180.25000000000000
180.25000000000000
179.00000000000000
179.00000000000000
179.00000000000000
179.00000000000000
178.50000000000000
178.50000000000000
179.50000000000000
179.50000000000000
179.50000000000000
179.50000000000000
178.75000000000000
178.75000000000000
179.00000000000000
179.00000000000000
178.50000000000000
178.50000000000000
178.50000000000000
178.50000000000000
177.75000000000000
177.75000000000000
178.00000000000000
178.00000000000000
177.50000000000000
177.50000000000000
177.50000000000000
177.50000000000000
175.50000000000000
176.00000000000000
176.00000000000000
174.50000000000000
174.50000000000000
176.75000000000000
176.75000000000000
176.00000000000000
176.00000000000000
174.00000000000000
174.00000000000000
174.75000000000000
174.75000000000000
173.75000000000000
173.75000000000000
173.75000000000000
173.75000000000000
173.75000000000000
173.75000000000000
173.75000000000000
173.75000000000000
175.25000000000000
175.25000000000000
176.50000000000000
176.50000000000000
176.75000000000000
176.75000000000000
176.75000000000000
176.75000000000000
176.75000000000000
176.75000000000000
176.75000000000000
176.75000000000000
176.75000000000000
176.75000000000000
176.75000000000000
176.75000000000000
175.61458333333334
174.47916666666666
173.34375000000000
172.20833333333334
171.07291666666666
169.93750000000000
168.80208333333334
167.66666666666666
166.53125000000000
165.39583333333334
164.26041666666666
163.12500000000000
161.98958333333334
160.85416666666666
159.71875000000000
158.58333333333334
157.44791666666666
156.31250000000000
155.17708333333334
154.04166666666666
152.90625000000000
151.77083333333334
150.63541666666666
149.50000000000000
151.75000000000000
151.75000000000000
153.25000000000000
153.25000000000000
149.00000000000000
149.00000000000000
151.50000000000000
151.50000000000000
151.50000000000000
152.50000000000000
152.50000000000000
154.50000000000000
154.50000000000000
155.25000000000000
155.25000000000000
147.75000000000000
147.75000000000000
146.75000000000000
146.75000000000000
136.75000000000000
136.75000000000000
133.50000000000000
133.50000000000000
133.50000000000000
133.00000000000000
133.00000000000000
133.00000000000000
133.00000000000000
133.00000000000000
133.00000000000000
137.75000000000000
142.50000000000000
147.25000000000000
147.25000000000000
146.00000000000000
144.50000000000000
144.50000000000000
144.50000000000000
143.50000000000000
143.50000000000000
149.25000000000000
149.25000000000000
153.75000000000000
153.75000000000000
153.75000000000000
154.50000000000000
154.50000000000000
154.75000000000000
154.75000000000000
154.75000000000000
154.75000000000000
155.05000000000001
155.34999999999999
155.65000000000001
155.94999999999999
156.25000000000000
156.25000000000000
156.25000000000000
158.00000000000000
157.00000000000000
157.00000000000000
157.00000000000000
157.00000000000000
157.00000000000000
157.00000000000000
158.75000000000000
158.75000000000000
157.75000000000000
157.75000000000000
156.75000000000000
156.25000000000000
156.25000000000000
156.25000000000000
157.25000000000000
157.25000000000000
157.50000000000000
158.50000000000000
158.50000000000000
158.75000000000000
159.00000000000000
159.00000000000000
157.75000000000000
157.75000000000000
158.50000000000000
158.50000000000000
160.25000000000000
160.25000000000000
160.75000000000000
160.75000000000000
163.00000000000000
163.00000000000000
159.00000000000000
159.00000000000000
158.25000000000000
158.25000000000000
163.00000000000000
163.00000000000000
164.50000000000000
163.50000000000000
163.50000000000000
162.00000000000000
162.00000000000000
157.25000000000000
157.25000000000000
158.25000000000000
158.25000000000000
157.50000000000000
157.50000000000000
158.25000000000000
158.25000000000000
158.75000000000000
158.75000000000000
160.25000000000000
160.25000000000000
160.25000000000000
160.25000000000000
160.25000000000000
160.25000000000000
163.00000000000000
163.00000000000000
165.50000000000000
165.50000000000000
166.00000000000000
166.00000000000000
166.00000000000000
166.00000000000000
166.25000000000000
166.25000000000000
166.25000000000000
166.25000000000000
166.25000000000000
166.75000000000000
167.25000000000000
167.75000000000000
168.25000000000000
168.75000000000000
169.25000000000000
169.75000000000000
170.25000000000000
170.75000000000000
171.25000000000000
171.75000000000000
172.25000000000000
172.75000000000000
173.25000000000000
173.75000000000000
174.25000000000000
174.25000000000000
174.25000000000000
174.25000000000000
173.25000000000000
173.25000000000000
173.25000000000000
173.25000000000000
173.75000000000000
174.50000000000000
174.50000000000000
174.50000000000000
174.50000000000000
174.50000000000000
172.75000000000000
173.00000000000000
173.00000000000000
173.00000000000000
173.00000000000000
173.50000000000000
173.50000000000000
173.75000000000000
173.75000000000000
171.00000000000000
171.00000000000000
171.75000000000000
171.75000000000000
172.50000000000000
172.50000000000000
173.75000000000000
173.75000000000000
173.00000000000000
173.00000000000000
173.00000000000000
173.00000000000000
174.25000000000000
174.25000000000000
172.50000000000000
172.50000000000000
170.25000000000000
170.25000000000000
169.50000000000000
169.50000000000000
169.75000000000000
169.75000000000000
171.00000000000000
171.00000000000000
171.25000000000000
171.25000000000000
171.25000000000000
171.25000000000000
171.25000000000000
171.25000000000000
169.75000000000000
169.75000000000000
170.50000000000000
170.50000000000000
170.50000000000000
173.00000000000000
173.00000000000000
173.00000000000000
173.00000000000000
175.25000000000000
175.25000000000000
175.50000000000000
175.50000000000000
178.25000000000000
178.25000000000000
177.25000000000000
175.25000000000000
175.25000000000000
174.25000000000000
174.25000000000000
173.75000000000000
173.75000000000000
174.25000000000000
174.25000000000000
173.25000000000000
173.25000000000000
172.50000000000000
172.50000000000000
172.50000000000000
172.50000000000000
172.75000000000000
172.75000000000000
172.25000000000000
172.25000000000000
172.25000000000000
172.25000000000000
172.25000000000000
172.25000000000000
173.00000000000000
173.00000000000000
170.75000000000000
170.75000000000000
169.25000000000000
169.25000000000000
169.00000000000000
169.00000000000000
169.00000000000000
171.00000000000000
171.00000000000000
171.75000000000000
171.75000000000000
171.75000000000000
172.00000000000000
172.00000000000000
172.75000000000000
172.75000000000000
173.00000000000000
173.00000000000000
174.00000000000000
174.00000000000000
174.50000000000000
174.50000000000000
174.75000000000000
174.75000000000000
175.00000000000000
175.00000000000000
174.50000000000000
174.50000000000000
174.25000000000000
174.25000000000000
174.25000000000000
174.25000000000000
174.50000000000000
174.50000000000000
175.00000000000000
175.00000000000000
175.25000000000000
175.25000000000000
172.75000000000000
172.75000000000000
173.00000000000000
173.00000000000000
173.50000000000000
173.50000000000000
173.50000000000000
173.75000000000000
173.75000000000000
174.25000000000000
174.25000000000000
175.00000000000000
175.00000000000000
175.00000000000000
175.00000000000000
176.25000000000000
176.25000000000000
176.00000000000000
175.25000000000000
175.25000000000000
175.25000000000000
175.25000000000000
175.25000000000000
175.25000000000000
175.25000000000000
175.25000000000000
174.75000000000000
174.75000000000000
175.50000000000000
175.50000000000000
174.50000000000000
174.50000000000000
174.50000000000000
174.50000000000000
174.50000000000000
174.25000000000000
174.25000000000000
174.50000000000000
174.50000000000000
174.75000000000000
174.75000000000000
174.00000000000000
174.00000000000000
175.00000000000000
175.50000000000000
175.50000000000000
176.25000000000000
176.25000000000000
176.50000000000000
176.50000000000000
177.25000000000000
177.25000000000000
177.25000000000000
177.25000000000000
177.00000000000000
177.00000000000000
177.00000000000000
176.00000000000000
176.00000000000000
176.00000000000000
175.50000000000000
175.50000000000000
175.25000000000000
175.25000000000000
175.50000000000000
175.50000000000000
176.25000000000000
176.25000000000000
176.00000000000000
176.00000000000000
178.25000000000000
178.25000000000000
177.75000000000000
177.75000000000000
176.75000000000000
175.00000000000000
175.00000000000000
175.00000000000000
175.00000000000000
177.00000000000000
177.00000000000000
177.25000000000000
176.75000000000000
176.75000000000000
176.25000000000000
176.25000000000000
175.75000000000000
175.75000000000000
175.75000000000000
176.00000000000000
176.00000000000000
176.50000000000000
176.50000000000000
176.75000000000000
176.75000000000000
176.50000000000000
176.50000000000000
175.75000000000000
175.75000000000000
176.25000000000000
176.25000000000000
177.00000000000000
177.00000000000000
177.75000000000000
177.75000000000000
178.50000000000000
179.50000000000000
179.50000000000000
180.00000000000000
180.00000000000000
179.25000000000000
179.25000000000000
178.25000000000000
178.25000000000000
178.25000000000000
178.25000000000000
178.00000000000000
178.00000000000000
178.00000000000000
178.00000000000000
178.25000000000000
178.25000000000000
177.75000000000000
177.75000000000000
178.50000000000000
178.50000000000000
178.75000000000000
178.75000000000000
179.00000000000000
179.00000000000000
178.50000000000000
178.50000000000000
176.50000000000000
176.50000000000000
177.75000000000000
177.75000000000000
177.00000000000000
178.00000000000000
178.00000000000000
178.75000000000000
178.75000000000000
178.00000000000000
178.00000000000000
176.75000000000000
176.75000000000000
178.50000000000000
178.50000000000000
179.00000000000000
178.50000000000000
178.50000000000000
177.75000000000000
177.75000000000000
178.75000000000000
178.75000000000000
175.25000000000000
175.25000000000000
175.50000000000000
175.50000000000000
175.50000000000000
179.25000000000000
179.50000000000000
179.50000000000000
178.50000000000000
178.50000000000000
176.75000000000000
176.75000000000000
175.50000000000000
175.50000000000000
175.75000000000000
175.75000000000000
176.25000000000000
176.25000000000000
176.25000000000000
176.25000000000000
169.00000000000000
167.25000000000000
167.25000000000000
172.75000000000000
172.75000000000000
173.00000000000000
173.00000000000000
173.50000000000000
173.50000000000000
173.50000000000000
173.50000000000000
173.50000000000000
173.50000000000000
171.50000000000000
171.50000000000000
171.25000000000000
171.25000000000000
172.50000000000000
172.50000000000000
174.25000000000000
174.25000000000000
174.25000000000000
174.50000000000000
174.00000000000000
174.00000000000000
172.75000000000000
172.75000000000000
170.75000000000000
170.75000000000000
170.50000000000000
170.50000000000000
169.25000000000000
169.25000000000000
169.00000000000000
169.00000000000000
168.00000000000000
168.00000000000000
168.00000000000000
166.75000000000000
168.50000000000000
168.50000000000000
169.50000000000000
169.50000000000000
169.75000000000000
169.75000000000000
169.75000000000000
169.75000000000000
169.75000000000000
169.75000000000000
169.75000000000000
169.75000000000000
169.75000000000000
167.00000000000000
166.75000000000000
166.75000000000000
166.75000000000000
166.50000000000000
166.50000000000000
169.33333333333334
172.16666666666666
175.00000000000000
175.00000000000000
177.25000000000000
177.25000000000000
177.75000000000000
172.50000000000000
168.75000000000000
168.75000000000000
168.75000000000000
164.75000000000000
164.75000000000000
163.75000000000000
163.75000000000000
164.75000000000000
166.50000000000000
166.50000000000000
166.50000000000000
165.75000000000000
164.50000000000000
164.50000000000000
163.75000000000000
163.75000000000000
163.00000000000000
163.00000000000000
163.00000000000000
163.00000000000000
163.00000000000000
163.00000000000000
163.00000000000000
163.00000000000000
163.83333333333334
164.66666666666666
165.50000000000000
165.50000000000000
165.50000000000000
165.50000000000000
166.25000000000000
166.25000000000000
167.00000000000000
167.00000000000000
167.00000000000000
166.00000000000000
166.00000000000000
166.00000000000000
166.25000000000000
166.25000000000000
166.50000000000000
166.50000000000000
166.75000000000000
166.75000000000000
167.25000000000000
167.25000000000000
167.50000000000000
166.75000000000000
166.75000000000000
167.50000000000000
167.50000000000000
168.75000000000000
168.75000000000000
168.25000000000000
168.25000000000000
168.25000000000000
168.25000000000000
169.25000000000000
169.25000000000000
168.00000000000000
168.00000000000000
166.50000000000000
166.50000000000000
166.00000000000000
166.00000000000000
166.75000000000000
166.75000000000000
168.75000000000000
168.75000000000000
167.75000000000000
167.75000000000000
168.50000000000000
168.50000000000000
169.00000000000000
169.00000000000000
170.75000000000000
170.75000000000000
170.75000000000000
169.25000000000000
169.25000000000000
169.25000000000000
169.50000000000000
169.50000000000000
169.25000000000000
169.25000000000000
170.25000000000000
170.25000000000000
170.75000000000000
170.75000000000000
169.50000000000000
169.50000000000000
171.25000000000000
174.00000000000000
174.00000000000000
173.00000000000000
173.00000000000000
172.25000000000000
172.25000000000000
173.25000000000000
173.25000000000000
174.25000000000000
174.25000000000000
174.25000000000000
174.25000000000000
174.25000000000000
174.25000000000000
174.75000000000000
174.75000000000000
175.50000000000000
175.50000000000000
175.75000000000000
175.75000000000000
176.00000000000000
175.25000000000000
175.25000000000000
175.25000000000000
175.25000000000000
174.75000000000000
174.75000000000000
174.75000000000000
174.75000000000000
175.25000000000000
175.25000000000000
175.25000000000000
175.25000000000000
174.25000000000000
174.25000000000000
174.75000000000000
174.75000000000000
175.50000000000000
175.50000000000000
174.25000000000000
174.25000000000000
174.00000000000000
175.50000000000000
175.50000000000000
175.50000000000000
175.75000000000000
175.75000000000000
176.25000000000000
175.50000000000000
175.50000000000000
175.25000000000000
175.25000000000000
175.25000000000000
175.25000000000000
175.25000000000000
175.25000000000000
174.00000000000000
174.00000000000000
174.25000000000000
174.25000000000000
173.25000000000000
173.25000000000000
175.50000000000000
175.50000000000000
176.25000000000000
176.25000000000000
177.50000000000000
177.75000000000000
177.75000000000000
178.00000000000000
178.00000000000000
178.00000000000000
179.25000000000000
179.25000000000000
179.75000000000000
179.75000000000000
179.75000000000000
180.00000000000000
179.50000000000000
179.50000000000000
179.50000000000000
179.50000000000000
179.50000000000000
177.75000000000000
177.75000000000000
177.25000000000000
177.25000000000000
178.25000000000000
179.00000000000000
179.00000000000000
180.50000000000000
180.50000000000000
179.75000000000000
179.75000000000000
179.00000000000000
179.00000000000000
179.00000000000000
179.00000000000000
178.75000000000000
178.75000000000000
178.25000000000000
178.25000000000000
178.25000000000000
179.00000000000000
179.00000000000000
179.25000000000000
179.25000000000000
179.25000000000000
179.25000000000000
179.25000000000000
179.25000000000000
181.00000000000000
181.00000000000000
179.25000000000000
179.25000000000000
178.50000000000000
178.50000000000000
179.25000000000000
179.25000000000000
180.00000000000000
180.00000000000000
179.50000000000000
179.50000000000000
179.50000000000000
179.00000000000000
179.00000000000000
179.00000000000000
179.00000000000000
180.25000000000000
180.25000000000000
180.50000000000000
180.75000000000000
180.75000000000000
178.75000000000000
178.75000000000000
180.25000000000000
180.25000000000000
180.50000000000000
180.50000000000000
181.00000000000000
181.00000000000000
182.75000000000000
182.75000000000000
181.50000000000000
179.50000000000000
179.50000000000000
178.75000000000000
178.75000000000000
179.50000000000000
179.50000000000000
179.75000000000000
179.75000000000000
178.75000000000000
178.75000000000000
179.00000000000000
179.00000000000000
178.25000000000000
178.25000000000000
179.75000000000000
180.25000000000000
180.25000000000000
180.25000000000000
180.25000000000000
179.50000000000000
179.75000000000000
179.75000000000000
179.50000000000000
179.50000000000000
179.75000000000000
179.75000000000000
179.75000000000000
179.75000000000000
179.75000000000000
179.75000000000000
180.25000000000000
180.25000000000000
180.25000000000000
180.25000000000000
178.75000000000000
178.75000000000000
178.75000000000000
178.75000000000000
179.50000000000000
179.50000000000000
180.50000000000000
180.50000000000000
180.50000000000000
180.50000000000000
180.50000000000000
180.00000000000000
180.00000000000000
179.25000000000000
179.00000000000000
179.00000000000000
179.00000000000000
179.25000000000000
179.25000000000000
179.25000000000000
179.25000000000000
179.25000000000000
178.00000000000000
178.00000000000000
178.25000000000000
178.25000000000000
178.50000000000000
178.50000000000000
179.00000000000000
179.00000000000000
179.25000000000000
179.25000000000000
179.75000000000000
180.00000000000000
180.00000000000000
180.00000000000000
180.00000000000000
182.00000000000000
182.00000000000000
181.50000000000000
181.00000000000000
181.00000000000000
180.50000000000000
180.50000000000000
180.50000000000000
180.50000000000000
179.75000000000000
179.75000000000000
179.75000000000000
179.00000000000000
179.00000000000000
180.00000000000000
180.00000000000000
180.50000000000000
180.50000000000000
180.00000000000000
180.00000000000000
180.25000000000000
180.25000000000000
180.75000000000000
182.25000000000000
182.25000000000000
183.25000000000000
183.25000000000000
180.00000000000000
180.00000000000000
178.50000000000000
178.50000000000000
180.25000000000000
180.25000000000000
172.50000000000000
172.50000000000000
177.25000000000000
177.25000000000000
181.25000000000000
181.25000000000000
179.50000000000000
179.50000000000000
179.25000000000000
179.25000000000000
177.75000000000000
177.75000000000000
179.50000000000000
179.50000000000000
180.00000000000000
180.00000000000000
179.25000000000000
179.25000000000000
178.00000000000000
178.00000000000000
178.50000000000000
178.50000000000000
181.00000000000000
181.50000000000000
181.50000000000000
179.75000000000000
179.75000000000000
180.00000000000000
180.25000000000000
180.25000000000000
180.25000000000000
180.25000000000000
180.25000000000000
180.25000000000000
180.25000000000000
177.00000000000000
177.00000000000000
175.50000000000000
175.50000000000000
175.50000000000000
175.25000000000000
175.25000000000000
178.50000000000000
179.50000000000000
179.50000000000000
179.00000000000000
179.00000000000000
180.50000000000000
180.50000000000000
180.75000000000000
180.75000000000000
181.00000000000000
181.00000000000000
180.75000000000000
180.75000000000000
180.25000000000000
180.25000000000000
182.00000000000000
182.00000000000000
182.25000000000000
182.50000000000000
182.50000000000000
182.50000000000000
182.50000000000000
182.75000000000000
182.75000000000000
182.75000000000000
182.75000000000000
182.25000000000000
182.25000000000000
182.75000000000000
182.75000000000000
182.50000000000000
182.50000000000000
181.75000000000000
181.75000000000000
181.75000000000000
180.50000000000000
180.50000000000000
180.75000000000000
180.75000000000000
181.00000000000000
181.00000000000000
180.25000000000000
180.25000000000000
180.25000000000000
180.25000000000000
181.25000000000000
181.25000000000000
181.25000000000000
181.25000000000000
181.25000000000000
181.25000000000000
180.50000000000000
180.50000000000000
180.25000000000000
180.25000000000000
181.50000000000000
182.25000000000000
182.25000000000000
181.50000000000000
181.50000000000000
180.75000000000000
180.75000000000000
179.50000000000000
179.50000000000000
179.00000000000000
179.00000000000000
179.75000000000000
179.75000000000000
180.75000000000000
180.75000000000000
181.25000000000000
181.25000000000000
180.75000000000000
180.75000000000000
180.75000000000000
180.75000000000000
180.75000000000000
180.75000000000000
181.00000000000000
181.00000000000000
181.00000000000000
181.00000000000000
181.25000000000000
182.25000000000000
182.25000000000000
181.50000000000000
181.50000000000000
181.00000000000000
181.00000000000000
181.00000000000000
180.25000000000000
180.25000000000000
180.75000000000000
180.75000000000000
181.50000000000000
181.50000000000000
182.50000000000000
182.50000000000000
182.50000000000000
182.50000000000000
181.75000000000000
181.75000000000000
181.75000000000000
181.50000000000000
181.50000000000000
182.25000000000000
182.25000000000000
183.00000000000000
182.50000000000000
182.50000000000000
181.50000000000000
181.50000000000000
181.25000000000000
181.25000000000000
181.50000000000000
181.50000000000000
181.75000000000000
181.75000000000000
181.75000000000000
181.75000000000000
181.00000000000000
181.00000000000000
180.50000000000000
180.50000000000000
180.00000000000000
180.00000000000000
180.25000000000000
180.25000000000000
182.25000000000000
181.75000000000000
181.75000000000000
181.00000000000000
181.00000000000000
180.75000000000000
180.75000000000000
179.00000000000000
179.00000000000000
179.50000000000000
179.50000000000000
180.25000000000000
180.25000000000000
180.75000000000000
180.75000000000000
181.00000000000000
181.00000000000000
181.00000000000000
181.00000000000000
179.50000000000000
179.50000000000000
179.00000000000000
179.00000000000000
181.50000000000000
182.50000000000000
182.50000000000000
181.75000000000000
181.75000000000000
181.25000000000000
181.25000000000000
179.50000000000000
179.50000000000000
179.25000000000000
179.25000000000000
183.50000000000000
183.50000000000000
182.75000000000000
182.75000000000000
181.25000000000000
181.25000000000000
180.75000000000000
180.75000000000000
180.50000000000000
180.50000000000000
180.50000000000000
180.50000000000000
182.75000000000000
182.75000000000000
183.00000000000000
183.00000000000000
183.00000000000000
183.00000000000000
182.00000000000000
182.00000000000000
182.75000000000000
182.75000000000000
183.00000000000000
183.00000000000000
183.50000000000000
182.00000000000000
182.00000000000000
181.25000000000000
181.25000000000000
181.75000000000000
181.75000000000000
181.25000000000000
181.25000000000000
184.00000000000000
184.00000000000000
182.75000000000000
182.75000000000000
182.75000000000000
182.50000000000000
182.50000000000000
181.75000000000000
181.75000000000000
181.75000000000000
181.75000000000000
182.00000000000000
182.00000000000000
184.50000000000000
184.50000000000000
183.50000000000000
183.50000000000000
182.25000000000000
182.00000000000000
182.00000000000000
181.50000000000000
181.50000000000000
181.50000000000000
181.50000000000000
180.25000000000000
180.25000000000000
180.50000000000000
180.50000000000000
180.75000000000000
180.75000000000000
181.00000000000000
181.00000000000000
179.25000000000000
179.25000000000000
180.00000000000000
180.00000000000000
180.50000000000000
180.50000000000000
180.75000000000000
180.75000000000000
180.75000000000000
180.75000000000000
180.75000000000000
180.75000000000000
180.75000000000000
180.75000000000000
181.75000000000000
180.50000000000000
180.50000000000000
179.50000000000000
179.50000000000000
180.50000000000000
180.50000000000000
183.00000000000000
183.00000000000000
181.75000000000000
181.75000000000000
181.75000000000000
181.75000000000000
182.50000000000000
182.50000000000000
182.25000000000000
183.25000000000000
183.25000000000000
183.25000000000000
183.25000000000000
183.75000000000000
183.75000000000000
181.25000000000000
181.25000000000000
182.50000000000000
182.50000000000000
184.50000000000000
184.50000000000000
185.25000000000000
185.25000000000000
183.00000000000000
183.00000000000000
182.00000000000000
181.75000000000000
181.75000000000000
181.75000000000000
181.75000000000000
180.25000000000000
180.25000000000000
178.75000000000000
178.75000000000000
179.25000000000000
179.25000000000000
180.00000000000000
180.00000000000000
180.00000000000000
180.00000000000000
180.25000000000000
180.25000000000000
180.50000000000000
180.50000000000000
180.25000000000000
180.25000000000000
182.00000000000000
182.00000000000000
182.75000000000000
182.75000000000000
182.50000000000000
182.75000000000000
182.75000000000000
182.50000000000000
182.50000000000000
182.50000000000000
182.50000000000000
182.00000000000000
182.00000000000000
182.75000000000000
183.00000000000000
183.00000000000000
183.00000000000000
183.00000000000000
182.50000000000000
182.50000000000000
182.75000000000000
182.75000000000000
183.25000000000000
183.25000000000000
183.50000000000000
183.50000000000000
182.75000000000000
182.75000000000000
182.50000000000000
182.50000000000000
183.00000000000000
183.00000000000000
183.00000000000000
183.00000000000000
183.50000000000000
183.50000000000000
183.75000000000000
182.00000000000000
182.00000000000000
183.75000000000000
183.75000000000000
181.25000000000000
181.25000000000000
181.25000000000000
181.25000000000000
180.25000000000000
180.25000000000000
181.00000000000000
181.00000000000000
183.00000000000000
183.00000000000000
183.50000000000000
183.50000000000000
183.00000000000000
183.00000000000000
182.50000000000000
183.00000000000000
183.00000000000000
183.00000000000000
183.00000000000000
182.25000000000000
182.25000000000000
182.00000000000000
182.00000000000000
182.00000000000000
182.00000000000000
182.00000000000000
182.00000000000000
180.75000000000000
181.00000000000000
181.00000000000000
180.50000000000000
180.50000000000000
181.50000000000000
181.50000000000000
181.00000000000000
181.00000000000000
181.25000000000000
181.25000000000000
181.75000000000000
181.75000000000000
182.00000000000000
182.00000000000000
182.00000000000000
182.25000000000000
182.25000000000000
182.00000000000000
182.00000000000000
181.25000000000000
181.25000000000000
180.75000000000000
180.75000000000000
180.25000000000000
180.25000000000000
180.25000000000000
180.25000000000000
180.25000000000000
180.50000000000000
180.50000000000000
180.50000000000000
180.50000000000000
180.50000000000000
180.50000000000000
180.00000000000000
180.00000000000000
181.00000000000000
181.00000000000000
180.50000000000000
180.50000000000000
180.25000000000000
180.25000000000000
179.50000000000000
179.50000000000000
180.25000000000000
180.25000000000000
180.25000000000000
181.25000000000000
181.25000000000000
180.75000000000000
180.75000000000000
180.75000000000000
180.75000000000000
180.00000000000000
180.00000000000000
179.50000000000000
179.50000000000000
180.00000000000000
180.50000000000000
180.50000000000000
181.00000000000000
181.00000000000000
181.75000000000000
181.75000000000000
180.75000000000000
180.75000000000000
180.75000000000000
180.75000000000000
181.00000000000000
181.00000000000000
180.50000000000000
180.50000000000000
180.25000000000000
180.25000000000000
179.50000000000000
179.50000000000000
179.25000000000000
179.25000000000000
179.25000000000000
179.25000000000000
181.00000000000000
181.00000000000000
181.00000000000000
180.50000000000000
180.50000000000000
180.25000000000000
180.25000000000000
